Gaussian Generator(1.0): mean=1.0,stDev=1.0
Gaussian Generator(2.0): mean=2.0,stDev=1.0
Gaussian Generator(3.0): mean=3.0,stDev=1.0
Gaussian Generator(4.0): mean=4.0,stDev=1.0
Gaussian Generator(5.0): mean=5.0,stDev=1.0
Gaussian Generator(6.0): mean=6.0,stDev=1.0
Gaussian Generator(7.0): mean=7.0,stDev=1.0
Gaussian Generator(8.0): mean=8.0,stDev=1.0
Gaussian Generator(9.0): mean=9.0,stDev=1.0
Gaussian Generator(10.0): mean=10.0,stDev=1.0
8.0	8.079001268157787
8.0	7.8351339909498
7.0	7.670276470911241
6.0	6.261462275671969
3.0	4.221721387169593
7.0	5.13348205181979
1.0	0.9394150129638775
9.0	7.9961390255911375
10.0	9.901272438186453
8.0	8.090678421769656
3.0	3.224795034715174
8.0	9.958246436873427
10.0	9.609277025022696
6.0	6.831326546661362
10.0	9.252790277513652
1.0	0.4191129502748393
6.0	6.32080452791186
10.0	9.054250280484377
7.0	7.660938562542963
2.0	1.351378242680632
10.0	9.537452522361141
3.0	3.3176947992244523
4.0	3.393417124207658
10.0	10.01763832148977
5.0	4.0878934218489
7.0	8.134422581535857
8.0	9.017339719371328
3.0	1.5573787378022914
8.0	9.530929877754021
10.0	11.33265799483871
8.0	9.045471739393093
6.0	8.078639662160187
9.0	8.88497289805625
3.0	3.9350705439415776
10.0	10.733820191209258
1.0	-0.5836210507192363
7.0	7.835500363009627
3.0	1.5303438325371426
8.0	7.674499187262829
4.0	3.6795307187793
4.0	4.8017626404346085
8.0	8.282841409845087
2.0	1.5681924058070607
6.0	4.854515212898367
1.0	0.8796950700622824
2.0	1.0829846081996826
5.0	5.6067257752939135
6.0	6.432531856826265
3.0	2.877772427119138
5.0	6.600054252642712
8.0	8.695628059840333
8.0	9.868343205037146
10.0	10.718131789054766
3.0	3.373272014551379
7.0	6.418029137017123
6.0	7.449250830671671
8.0	8.086598171575066
6.0	5.3776839544045325
6.0	4.841343842643522
5.0	4.312690880049004
8.0	7.330153498271102
1.0	1.0168493312565032
3.0	2.0430437059906965
8.0	8.230869042746363
6.0	8.120133031373486
3.0	3.68224887542628
2.0	3.418955260391063
10.0	10.621659391634287
1.0	0.23879880904483497
4.0	3.145105635019055
7.0	8.38406805103244
8.0	8.941848419553356
5.0	4.274796561503376
2.0	2.60860124039773
7.0	5.897476643019752
9.0	9.223807727437181
1.0	3.9318830854248477
2.0	1.4915609403361345
7.0	8.730323771138336
6.0	6.203320306427258
3.0	2.435976810592944
4.0	3.469519500684173
9.0	9.183896927626378
9.0	9.3562464980774
7.0	5.841041417715789
4.0	4.97441295264842
9.0	9.788752324543943
8.0	7.554107279510033
8.0	7.642211295434191
1.0	3.5954787369358825
9.0	8.993782378443644
10.0	11.029884419531832
8.0	7.066531783811566
6.0	8.191992995891543
6.0	6.997869682127027
9.0	8.35831839997111
8.0	10.36909387097999
1.0	-1.3645293274394912
2.0	1.3407926962977716
3.0	1.7631553897717374
4.0	2.878125532445436
6.0	5.856872563236294
10.0	10.648514061362878
9.0	10.251616638328247
7.0	6.80602397134989
8.0	8.580043723785074
9.0	8.33144555892919
3.0	2.7127694324645732
1.0	0.6407274009979923
5.0	5.321854966123046
2.0	1.3938186142821918
2.0	3.949003049325997
5.0	5.314800623651866
5.0	3.743076256103347
2.0	2.580139733233087
8.0	8.663857818601365
5.0	4.902292561661327
4.0	3.0123806335280423
2.0	1.8091449129035813
2.0	0.6586827608595738
1.0	1.7274248118885076
7.0	7.201601182121338
10.0	9.819311706942079
7.0	6.668846333092108
4.0	2.972006334819876
9.0	9.34269424130695
2.0	4.077870540809197
4.0	3.8622422780356773
9.0	7.595228167979269
8.0	7.570428912408497
5.0	4.7747989459307645
9.0	8.782088280414207
5.0	4.036781887972471
6.0	6.878540845939573
3.0	1.511618635708628
9.0	8.8220333649061
5.0	5.29304311861854
9.0	8.715213463837657
2.0	2.8347947001123277
7.0	8.490972433164632
3.0	1.6846064671535903
9.0	9.16247725196059
10.0	8.122773527726276
8.0	6.915926442413475
6.0	6.32651169920198
5.0	3.6729270459273606
9.0	11.231129012000702
8.0	7.344721800641299
1.0	0.04466581566942185
3.0	2.866693223772556
1.0	0.5821036521761136
6.0	6.042828967329032
6.0	4.516096801486234
1.0	0.6975107838685164
4.0	3.695763821049083
5.0	5.807686989402114
4.0	2.795197849352558
7.0	7.100160832898591
2.0	0.12299780343573308
9.0	9.916519670636582
6.0	5.559576287764206
4.0	4.7970701631648005
1.0	1.696984456806411
5.0	5.938846887479158
9.0	10.000795483502579
2.0	2.2222944314191677
6.0	5.221096845973549
5.0	4.929700638129541
1.0	1.4204064390425382
9.0	9.627314407733435
3.0	3.6998282911774707
6.0	6.473478285405934
10.0	9.907359623851194
8.0	7.900395400801296
5.0	3.6384561917150817
8.0	9.012331744470313
6.0	5.243691555920694
9.0	8.958686153561764
5.0	4.201672762204173
9.0	8.66063483095358
6.0	6.25144742410943
7.0	6.591784515599008
4.0	3.521312186216938
1.0	-1.0181237860514143
9.0	9.533163538222306
5.0	3.3803639646201598
7.0	4.7678936239721725
8.0	8.03635062688907
1.0	0.8451117247137769
4.0	5.083566830847406
8.0	8.589593937759236
10.0	9.221741665863961
9.0	8.044918959689065
8.0	5.917047631220574
8.0	9.20436165327678
10.0	9.028926683473031
10.0	9.778242137600783
9.0	7.572371797604166
4.0	3.457083057101439
3.0	4.573554194666162
10.0	10.173842304871693
3.0	5.364188296190637
8.0	8.34781175769997
7.0	5.7032835972508
3.0	3.514155715899663
2.0	1.6983214959073059
4.0	4.847521708385486
2.0	1.7594350500240905
4.0	4.356266162688569
1.0	0.9394085502598587
5.0	5.2360633569825525
6.0	6.49695627671242
9.0	10.75429527819594
10.0	10.254925116741424
9.0	9.295266318758966
5.0	6.202081118924583
3.0	2.4003309797578583
8.0	8.131584137304369
1.0	1.4460665047280217
3.0	3.3035013145331646
3.0	3.064025212920339
10.0	10.994070773120274
6.0	3.546976191386117
4.0	2.7450195618638604
4.0	5.918632477319448
7.0	8.237590617400114
9.0	10.100503812200198
1.0	2.3060876871053893
1.0	0.9460307098309094
1.0	-0.3571143620445276
10.0	9.327654260634162
1.0	1.9060749837437836
10.0	8.71205165210546
10.0	9.545775648601651
5.0	5.4982762691960465
7.0	8.604658699969564
5.0	4.108579623828336
3.0	3.294490567699036
8.0	7.8668758184272045
4.0	4.294443419354843
7.0	5.109727040433377
4.0	3.484415354624906
10.0	11.184027003840699
4.0	2.939827118302996
3.0	1.9549473260390293
1.0	2.745255666424514
3.0	4.648021308483526
6.0	5.05697295527013
6.0	7.329383306774977
2.0	2.8836870053969386
7.0	6.3904968907244575
7.0	7.085367282175111
2.0	1.1405032413438496
7.0	8.309128971272813
5.0	6.245655826593687
7.0	5.693404028926603
9.0	8.639579515148377
6.0	6.744048060795732
8.0	6.147782053294559
2.0	3.494140464529003
8.0	7.165163681529534
9.0	7.498829340330918
2.0	1.387014765268959
8.0	8.44522771745829
6.0	6.804959227020519
5.0	3.994701896431872
7.0	8.903492346024276
6.0	4.5094529063940385
9.0	8.527151540808239
5.0	5.371746042400284
7.0	6.5783747533246855
3.0	0.8930331246718439
5.0	3.8349661711146443
9.0	8.624382149471984
8.0	8.975254673731015
10.0	9.910946550447804
1.0	0.8228274794515882
2.0	2.3506738204202873
4.0	6.976834083434499
9.0	7.540312285531867
3.0	3.638805202780374
3.0	3.7524606663444104
10.0	8.664819537733527
2.0	2.5400347681963162
8.0	8.151476240627408
3.0	2.9186376533941925
9.0	9.568256844845942
3.0	2.215759759359607
7.0	7.011122887727731
10.0	9.273238606522943
10.0	11.82775455347369
10.0	10.332059237290828
4.0	4.668500010281711
7.0	6.979270864563495
7.0	5.891874774122238
10.0	10.184555360120916
8.0	8.681848031388387
4.0	3.115895595308712
9.0	9.132605510514416
4.0	4.1676482789024245
2.0	2.849869496441922
6.0	6.247761780436508
3.0	1.2280206598822887
2.0	2.1331292757753317
9.0	9.463062985011977
5.0	4.62018787283863
3.0	1.1472781432830828
4.0	3.831365606344303
4.0	2.649420371378345
10.0	8.275715241305791
5.0	5.528432564111539
8.0	7.220975668274716
2.0	3.572456994731838
8.0	7.050637949873317
8.0	9.890767351416011
5.0	6.3916020046503395
10.0	9.474460257784537
7.0	9.671791140252104
1.0	0.7534450906084983
10.0	11.038960548382406
10.0	9.827608345092859
5.0	4.9418238413430045
2.0	2.824087541298317
4.0	5.023935424898006
5.0	5.632245565444939
6.0	5.932595044987145
7.0	7.720259947724258
3.0	2.2822651811667276
4.0	5.164769191501749
4.0	3.0166396202783377
2.0	2.906256730624932
4.0	4.639866468040064
5.0	4.469608785861473
5.0	4.132366831021379
5.0	6.689964858940547
1.0	0.2898824877355025
1.0	0.6733767702499083
1.0	0.21203046087308353
3.0	3.5892624948165857
10.0	10.475359632998725
7.0	5.922027134472875
2.0	1.5878906151660157
5.0	4.587940910005819
3.0	4.519403479512829
5.0	2.867072915495665
8.0	9.543001367589904
5.0	3.6129844802415256
7.0	8.640470357917748
4.0	2.9842381556247055
5.0	4.922787987279456
5.0	4.744036369566346
1.0	1.195122244974534
9.0	7.1220636891043965
2.0	3.295033546380663
10.0	10.615763689982032
6.0	7.21343304822375
10.0	9.110778980500426
5.0	5.601439145269201
8.0	7.119710829253123
10.0	10.61206030407404
10.0	11.456838297159301
8.0	9.149203077776178
4.0	3.7077820755604303
5.0	7.415746781752556
2.0	0.9933605893285509
10.0	9.992137120120583
4.0	4.297818142949859
7.0	7.4682811615037865
5.0	5.878618381133727
10.0	10.896304631684394
7.0	5.7589605678198375
1.0	1.2965370700414351
9.0	9.42484961005344
9.0	8.298822496797463
5.0	5.59767815238148
9.0	11.224896210111728
2.0	2.8195845968920885
3.0	2.506134331583101
1.0	1.6331520897818332
7.0	8.34708239394964
4.0	3.9402637546137744
9.0	8.616250843007913
3.0	4.606777772690416
10.0	9.841317520061615
1.0	0.7504294520458834
4.0	5.730877400587973
9.0	8.843894459858864
10.0	8.135283478956138
6.0	8.013355556024521
7.0	7.067644424493609
1.0	-0.7311700935244414
7.0	5.829502298876216
2.0	2.342254879943712
1.0	0.8104849567783458
7.0	7.449083823911097
4.0	3.889427840396707
7.0	8.177242219942435
5.0	5.93543400690956
10.0	10.817499267847717
3.0	3.7756432353072906
10.0	8.176513208114084
10.0	9.129264482332456
10.0	10.930546082388597
1.0	-1.0438624369603273
4.0	4.601751217593089
4.0	4.942571977574315
10.0	11.43873068694371
2.0	2.2238048398218195
5.0	4.531010118151901
5.0	6.394339023505781
8.0	10.079748555641556
9.0	7.52799885599792
1.0	1.1567733277144214
8.0	7.478139024467678
2.0	3.4039201124704643
5.0	4.408444411227736
6.0	6.809836428185092
4.0	5.387742844144861
5.0	5.180631633535107
7.0	7.887211838907237
8.0	8.291901228067168
4.0	3.0775635531683543
1.0	-0.2035104038371267
6.0	4.50467420873113
6.0	7.092298109993198
2.0	2.1056324535452537
3.0	2.9283926990493536
2.0	2.7695271078804145
7.0	8.398451108784515
7.0	6.37275600131832
5.0	3.0571104805500604
8.0	9.241728392834553
2.0	2.7644584662302174
10.0	9.26456756434166
7.0	6.639743104056044
4.0	2.8595122271180746
5.0	2.94809507422753
7.0	7.054681924739213
1.0	-0.9503858849322326
6.0	5.61228727463328
2.0	1.9203956867155474
2.0	3.2855312459438912
2.0	1.8442919620393494
7.0	4.3428730463517455
2.0	2.0605571451281977
1.0	1.0518545317735988
5.0	5.238433890021028
3.0	2.3931405598959943
10.0	11.069367444784104
7.0	7.838814307531147
9.0	7.247144903768674
5.0	5.57814666887746
1.0	1.7820433706785672
5.0	4.516108886446185
4.0	3.280002944320082
1.0	0.9659313860247677
8.0	8.385456309571257
8.0	7.752850232898589
8.0	8.37705521248144
7.0	8.1686444210021
4.0	5.38123567610378
5.0	5.1452680762319405
3.0	3.181253119020655
8.0	8.895043891426482
4.0	4.781667352157134
10.0	9.924999331226207
5.0	4.363830395639314
10.0	9.71443347244084
8.0	8.702889795693487
3.0	1.821383785896088
4.0	4.545692596957066
2.0	1.5809954103080117
5.0	3.8918194670468056
3.0	0.6023638959973661
2.0	2.162312988695894
7.0	5.759596873930391
4.0	4.4072547959015065
10.0	9.030782592900962
10.0	10.62854617938002
6.0	5.758845721754336
9.0	9.290147768386506
3.0	4.198435351559558
5.0	4.593708127873759
2.0	1.1891711790453214
6.0	6.8526042726211065
6.0	5.8451600936075545
8.0	5.626507095070578
3.0	3.390216731660169
4.0	3.643399963386202
10.0	10.395519047048916
10.0	9.924565364401904
6.0	5.210283698594337
10.0	9.11003896238186
9.0	9.355154419464688
9.0	9.906730601711526
3.0	3.4054293155095103
4.0	3.4761880951824655
4.0	3.474621066442826
6.0	6.1451367786094755
4.0	2.90287445151141
8.0	6.855912942214186
6.0	4.100329656102393
5.0	5.0785977170506795
10.0	10.326057332952836
10.0	9.567461122706666
3.0	3.165496438439604
7.0	10.42562746795719
10.0	11.394531652555267
4.0	4.8196919288451925
8.0	9.842210226161388
1.0	0.696520294343054
4.0	3.3868685244608425
9.0	8.143539858896329
9.0	7.8256105261628495
4.0	4.969500573333662
2.0	3.1570860888172643
2.0	2.0045290536583473
3.0	3.877529193979964
10.0	7.5669076967676405
7.0	7.421035136281845
6.0	3.7551929995246405
10.0	11.831745157514089
8.0	7.708547962888735
8.0	8.135631960511795
10.0	11.521987137129715
10.0	10.173057167208617
8.0	7.812510777256011
5.0	5.106109414006468
4.0	3.648891670537323
4.0	2.9366235834091095
4.0	4.200565519350107
3.0	1.3787771397465305
9.0	10.947401940043463
8.0	8.100980516278744
7.0	6.657716436063544
8.0	7.335147675018545
3.0	4.3354634120984255
10.0	9.288696366596117
10.0	8.897759573990614
10.0	10.555627374258346
3.0	4.267953471805876
9.0	8.805955273258352
3.0	2.0957173574631054
9.0	8.041841661882401
10.0	9.60192885640483
4.0	3.2373518121833045
9.0	8.327097485568249
9.0	9.33743425890088
4.0	2.300238747793662
10.0	10.110497984287928
4.0	4.402960598822981
10.0	11.557506495511465
5.0	4.8594053922004194
1.0	1.8163832136598028
2.0	3.8235111461676654
1.0	0.08331265553818368
4.0	4.662361049283052
10.0	7.7208193237849
8.0	8.590282692063026
3.0	2.4612682562178687
8.0	6.9538529431949065
8.0	7.178571088639433
1.0	1.4030860786588408
6.0	7.284719909919344
4.0	4.8139953638090915
4.0	2.196657340166878
4.0	4.096302160310955
1.0	2.1604303648853174
1.0	-0.14604436388821296
10.0	9.607483893027641
1.0	2.621762421632789
3.0	1.553002179034341
8.0	8.021695912580537
3.0	3.0669339157802944
2.0	2.2447196310063005
4.0	3.8729088046700895
2.0	2.4649971624071974
1.0	0.35815829521946274
2.0	0.39035742824189956
1.0	0.6288329696377233
7.0	8.350245818344364
2.0	2.18120178641593
4.0	2.623206674837103
8.0	9.12426687493464
2.0	2.0445809858288175
6.0	8.298650826180378
1.0	2.1456145877006296
4.0	5.162156765924015
5.0	5.416466167970307
5.0	5.109712737057825
3.0	2.0321729473887977
3.0	3.2360494805954803
2.0	0.7373343231852045
8.0	7.821755516067393
10.0	10.386830473083672
7.0	8.422680900190718
5.0	5.231269349341074
3.0	3.193963613523954
4.0	4.656583972325779
5.0	5.17337083405219
7.0	7.588400324640727
7.0	6.283134030081551
8.0	8.70304530230633
10.0	10.111088296510498
10.0	9.741816294868102
6.0	8.94833934556944
7.0	6.708752639141795
6.0	5.231256854475763
7.0	6.717612747674718
3.0	3.2876291354966143
2.0	0.12023672131756613
8.0	8.967804877030797
6.0	6.513362001554823
1.0	3.2443522383582213
5.0	5.160628981052245
2.0	2.541918683494351
5.0	3.0428690712358386
3.0	2.5169725495537945
4.0	3.1358322387020436
2.0	2.5834946627945294
8.0	7.542271984316109
10.0	9.131329111734388
2.0	2.4581577372304775
1.0	0.8261109270283337
8.0	8.286121059032023
1.0	1.5021843914261659
6.0	4.7313538446321814
5.0	7.056115071959688
2.0	3.816727413487459
1.0	2.4194158082753665
9.0	7.110752507588979
2.0	1.4978577513951987
5.0	5.124301094180915
4.0	4.0692164680004685
9.0	9.68294572862003
8.0	7.42437424766131
2.0	0.8677189848155902
9.0	9.985477804665154
2.0	1.4153390710006704
9.0	8.602473817809532
1.0	-0.029372808335496048
8.0	8.159326049302294
3.0	2.378875793812879
2.0	2.443760603148612
8.0	5.672175739946489
4.0	3.8953487432028937
4.0	5.327370484340028
7.0	7.667594146827367
9.0	7.760918173288609
7.0	8.61567900329182
7.0	8.233986303829449
9.0	7.06701787381753
2.0	1.2853570300726147
7.0	7.605968660647326
10.0	10.261082565173906
10.0	9.736822359604053
5.0	4.101405707715827
6.0	5.6464977599312345
2.0	2.645817869335626
3.0	2.46910631146564
8.0	8.973245177280528
7.0	6.786233382111385
5.0	6.516439589984266
3.0	2.3102043776308046
6.0	4.735987308741111
8.0	9.377581801182977
3.0	0.1865870330499253
6.0	5.4562955667674045
4.0	4.003935053248914
10.0	9.550440684508645
3.0	1.5391442927984735
7.0	6.301778180699962
2.0	1.2697824565262934
5.0	5.769317569168147
1.0	1.8924581805567593
5.0	6.486684442157175
4.0	4.668727988730033
10.0	10.12499998899181
7.0	6.869718571544169
7.0	8.201190737448247
4.0	4.228792052928139
2.0	2.4230935136820646
10.0	9.764165923289122
6.0	5.988474964898789
2.0	1.744561872177655
9.0	10.53559683504819
6.0	6.022747364415056
8.0	9.056248536302196
3.0	0.6675587079616196
5.0	5.716550846547186
8.0	7.827179569152769
8.0	10.170085828005828
3.0	2.584002152722128
5.0	6.882915001684898
8.0	8.043121067857603
6.0	7.7617948250712026
6.0	6.418546792930198
5.0	3.488816570963788
1.0	-0.5713522018697124
6.0	5.624668036086814
6.0	7.414978053018291
5.0	5.8509752599633735
7.0	7.898430498763249
2.0	3.8553387741490557
4.0	3.038506297442823
4.0	4.526784596769036
7.0	8.471542151304888
9.0	8.906727646126669
5.0	6.599948382085147
2.0	1.4594261875097283
2.0	1.2053424153286711
8.0	8.314700738565234
5.0	5.629484744244047
10.0	9.70639157422109
2.0	1.3171980088368087
4.0	3.6397132638346976
1.0	-0.680743022831684
5.0	5.472056350718915
5.0	5.633732769364518
1.0	3.1027820518297453
3.0	3.9571889035023333
6.0	6.663411899674937
8.0	6.56721069975752
4.0	4.381145943143045
9.0	8.717378066536426
2.0	1.203155741632207
9.0	7.957457524779976
7.0	5.8942571350816815
5.0	4.4479310506867735
7.0	7.025236515424157
2.0	0.7723996772725208
1.0	0.020759126810582784
9.0	8.128147791277488
4.0	5.262186457509335
4.0	2.2524878763454614
8.0	8.290442330901785
10.0	10.559776719456067
1.0	-0.2041559470249925
10.0	11.863029104804228
4.0	2.662529253135518
9.0	9.710113639351293
5.0	5.6481751969089995
1.0	0.8116442530554464
10.0	10.91418464994269
2.0	0.8462007971439525
1.0	-0.4108849387226987
2.0	1.9489173723886357
1.0	-0.2696004529677831
8.0	6.390621190395656
8.0	8.112255582323034
10.0	9.322199756509187
10.0	9.808846955097254
1.0	2.635869663213681
2.0	1.6117911282183806
8.0	7.49037551815863
9.0	9.377580000438112
1.0	0.48947808449581875
10.0	11.570493397040146
2.0	1.4411384762989887
6.0	6.1746375397386695
4.0	5.9922830298593315
7.0	6.950498936446409
2.0	0.5664282105691743
10.0	9.05961973136427
3.0	2.431425950212281
7.0	6.4558295610086915
5.0	4.377809314237961
10.0	9.731699379476376
6.0	5.6056837840929035
10.0	10.405426103019654
7.0	7.350884824880611
8.0	7.919188954045353
1.0	0.3552328178814278
5.0	5.554758347036347
7.0	5.584099122123844
9.0	7.338667529215577
2.0	1.5920275637204706
5.0	3.4318894180560062
9.0	7.971640534412867
8.0	8.308605590263085
10.0	10.811652113648961
3.0	4.896246954485866
7.0	6.855579812503137
7.0	7.993013098875968
7.0	8.580354438671721
7.0	7.970708461630619
10.0	9.142176743585765
1.0	0.4586597051455886
2.0	2.390669419886059
6.0	4.70837908935187
3.0	2.6983102464313173
8.0	8.824817919085952
9.0	9.200060686674625
5.0	6.110180573216551
5.0	4.237950123134049
1.0	1.7738547824765647
5.0	3.9136966005463707
5.0	5.420572708408375
9.0	9.79392858758174
10.0	10.543418770373137
7.0	6.268131013115546
5.0	4.7030082358160294
6.0	5.833772340508703
6.0	6.047923664234892
6.0	5.883486063862653
3.0	2.83210009565243
9.0	8.832080077403395
8.0	9.002797711649311
1.0	0.825864011042186
3.0	2.060322403069233
9.0	8.891184456192384
6.0	4.804613650750339
8.0	7.873988123177268
2.0	1.2422679438724513
3.0	1.2019173209768816
8.0	7.43091548095457
2.0	2.23198866889271
4.0	3.4800290888728793
2.0	2.7514217697520307
10.0	10.668847729367359
7.0	6.729116652020437
3.0	4.500242021759676
8.0	8.757536447539046
7.0	7.202211987552175
1.0	1.0530589140303503
8.0	8.008139848961003
5.0	4.04093096315848
3.0	2.261763604687205
2.0	0.04334936159096814
4.0	2.07546896322109
6.0	5.457715465019377
6.0	7.947388893160222
3.0	3.645928721947234
3.0	4.752766183169891
5.0	5.520376350758047
3.0	2.1249606628349085
1.0	0.4483892823497342
3.0	2.234082606698701
3.0	2.2528891986849753
8.0	6.83910040756148
3.0	3.033035138368305
5.0	6.210267356628649
2.0	2.341361220252839
9.0	7.98160805328844
3.0	1.133218681813334
4.0	3.876927383134434
10.0	8.871068407805465
4.0	3.0018405480743087
10.0	8.205698795862679
4.0	6.032139559248552
1.0	1.7035399810546576
5.0	5.326555630582843
5.0	4.566671384071328
1.0	-0.33756947138334015
6.0	5.9333355028739785
5.0	5.900167070815532
4.0	4.300998743737159
3.0	2.193851149696255
6.0	6.0278097959666805
1.0	1.5179727828051965
10.0	10.328560298083207
7.0	7.8949479700449965
4.0	5.0745298696153815
1.0	1.2371733065042863
5.0	5.723676492910135
4.0	3.644081516155451
10.0	10.965745997361728
9.0	7.607059910488142
2.0	1.2874914144841894
9.0	10.503398533383496
1.0	1.2233784507570729
7.0	6.841099865535705
6.0	4.244814853497088
10.0	10.706187492841485
5.0	5.6566160627508095
8.0	7.808428539587671
4.0	2.384774317620896
3.0	3.0081668690404495
10.0	10.102061190584495
1.0	0.8205243839695143
6.0	7.2498337781269635
5.0	5.878342498236919
3.0	5.070785793861371
3.0	2.943656611196612
10.0	10.368606454668614
2.0	3.198233412058138
6.0	6.554440835281192
1.0	1.070454497791609
4.0	3.7422713981435
8.0	8.951826497809957
6.0	6.249696344883995
8.0	9.678842072215595
6.0	6.492342699615002
1.0	0.5014358732395274
3.0	4.60841031988598
9.0	8.935561261825573
9.0	7.862811364856033
3.0	4.406249597592604
1.0	1.2784048271362023
7.0	6.292043601384519
4.0	4.600676944029347
9.0	8.595030113799567
8.0	7.93530129199262
4.0	2.965225071766044
2.0	1.4660595455095145
9.0	5.781691133411342
3.0	1.899220598205761
8.0	8.942616941339658
6.0	6.629270538819775
1.0	-0.013721065271194544
3.0	1.4060415659529661
7.0	7.154343380357028
9.0	8.625637069700458
10.0	8.888966573874718
7.0	6.799975162477382
10.0	10.450412041044107
3.0	2.9123959536966373
3.0	2.2017087510691153
8.0	7.791544179717031
7.0	7.221708365584022
7.0	6.065944109779589
8.0	6.254037457810334
6.0	5.182520693793266
6.0	6.188383392025716
4.0	5.671390853070516
1.0	2.803931142552009
8.0	7.642981513837727
2.0	2.5613841522167817
1.0	0.24549169158849027
9.0	9.906597819659
2.0	0.9395166035261249
3.0	2.9633202471738374
7.0	8.013976005432642
2.0	3.326652174114285
3.0	2.9772004067312015
2.0	3.1317218263255437
7.0	8.132277632852842
9.0	9.589307591648133
2.0	2.892206264301888
1.0	0.7572149660061318
4.0	2.341126567468664
6.0	5.366602396327161
6.0	7.031930590398395
5.0	4.518769594381303
5.0	4.943954726382103
3.0	2.8405104202161504
6.0	3.3902164763222378
7.0	6.26049650624165
8.0	9.680080362368265
6.0	5.315042287773569
9.0	8.895573136446735
1.0	0.48497671296525713
9.0	8.207402691967452
8.0	8.167109876167984
4.0	4.520279615783955
7.0	7.908248612860087
7.0	8.090341164220654
6.0	6.53074015105106
2.0	4.180219355142195
7.0	6.289874071527319
7.0	6.960648997042368
10.0	10.444284444487772
2.0	2.131636799332726
10.0	9.099015705539193
2.0	2.3989520959198742
4.0	4.8218031821347065
8.0	7.34245286740815
10.0	10.368962957747783
9.0	13.020757140514961
5.0	4.452871526169349
6.0	6.798923459432357
2.0	2.2555194684760047
10.0	7.402929735545793
7.0	6.579279458188237
8.0	7.935111970987524
7.0	8.20710584297454
10.0	9.044785787091522
10.0	10.656788340544766
8.0	7.298901376616956
4.0	4.258546563221698
4.0	4.293749966430127
9.0	9.384246839522067
1.0	1.639422778959683
2.0	3.1853981257977875
4.0	5.525278214729699
5.0	4.7870486098910945
1.0	0.5155454981850391
10.0	8.72489704521519
2.0	3.3984880444185075
4.0	5.679159528468279
5.0	4.741092471070288
10.0	10.186268850479959
9.0	6.588939674066921
1.0	1.1234101194563237
1.0	1.0163123745394447
9.0	8.28419407736618
10.0	11.184037392592037
3.0	5.475264774531663
5.0	4.1127388633928375
4.0	3.4152117090952503
