Gaussian Generator(1.0): mean=1.0,stDev=1.0
Gaussian Generator(1.5): mean=1.5,stDev=1.0
Gaussian Generator(2.0): mean=2.0,stDev=1.0
Gaussian Generator(2.5): mean=2.5,stDev=1.0
Gaussian Generator(3.0): mean=3.0,stDev=1.0
Gaussian Generator(3.5): mean=3.5,stDev=1.0
Gaussian Generator(4.0): mean=4.0,stDev=1.0
Gaussian Generator(4.5): mean=4.5,stDev=1.0
Gaussian Generator(5.0): mean=5.0,stDev=1.0
Gaussian Generator(5.5): mean=5.5,stDev=1.0
1.0	0.7734960499847271
5.0	4.750212250526899
4.0	3.786180509397526
1.0	0.7631611478417436
1.0	-0.20543930902398366
5.0	5.383157038323266
3.0	2.5852680292637737
3.5	5.3844443271176745
5.0	4.928961908532387
1.0	0.8965050337769258
3.5	2.3075972398659332
4.5	2.6945549143453715
2.5	3.284480547884316
1.5	2.16436303191591
3.5	5.269146644343274
2.5	1.5249955642403634
3.0	3.291666427081085
3.5	4.429323406040484
1.5	1.0026022524301028
3.5	2.9390300163607512
2.5	3.4535155901426293
3.5	3.3237643402137556
1.0	0.6207902991284528
4.5	5.9392275600631175
3.0	2.347908360420569
3.0	2.723720159395088
4.5	4.922603332539663
2.0	0.6140611992450093
5.0	6.072885592732812
2.5	2.260537754980612
2.5	2.4305244263592387
2.0	2.8976377047865487
2.0	1.5638444564873961
5.0	5.794769777468324
2.5	2.8122921136023122
3.0	4.102648180245804
2.5	2.134929412402677
3.5	2.8027077700701897
2.5	1.413184918414786
2.5	2.7285943288295487
2.5	3.534386127397487
4.0	3.8787164122166744
1.5	2.185404116723521
5.0	5.567361769981952
5.5	6.043561459758006
2.5	1.4606582923788332
3.5	2.4610797402926705
1.5	3.806325670870315
4.0	4.637436478535733
4.0	3.1016258539089128
4.0	3.0499995903739827
1.5	1.2432925268442312
4.5	4.353290814973966
3.5	2.1234385445706234
3.0	3.6413107554022703
2.5	4.254013522180185
5.0	5.974406805361423
4.5	3.3688705658641647
3.5	2.104617123236288
4.5	2.3391759325274233
4.0	3.7681161346234004
5.5	5.704181796484552
1.0	1.7306774676050156
2.5	2.1830952050587147
5.5	6.566695025591721
3.0	2.94876835697462
3.5	5.611773547221606
3.0	2.530185812057711
5.5	5.679589830362977
2.0	4.996914297186498
4.5	4.716752348366284
4.5	5.3318590215140125
5.0	5.333932381924197
3.0	2.5206815341649316
5.5	6.223964816858604
5.0	5.267128258728168
1.5	2.395545195578252
1.0	0.30119892222448785
4.0	3.6887044570468968
2.5	2.305464162933563
1.0	0.3989880391076819
5.0	4.9837110442421215
3.5	3.5717447756816205
3.0	3.3782956043178514
5.5	5.954846665611371
2.0	2.673673181956151
3.5	4.141793595424425
4.5	3.7985357197980654
1.0	0.9850887582565134
3.0	4.8017281261438365
4.0	5.417154901630839
1.5	0.5705073215561808
1.5	1.7829750481567725
3.0	2.423229675306304
5.0	5.361333954797245
5.0	5.74543266446554
4.5	5.444981151304142
5.5	6.764149128787376
3.5	5.192178105869991
4.0	3.1259656485987595
2.5	2.9422065364641843
1.0	2.7022588178460056
5.5	3.9017043697185505
3.0	2.613918226810666
4.5	2.5374003131452687
3.5	1.819790415436376
5.5	3.8043463737378858
5.5	5.871938113861227
2.5	1.2654976450818975
1.0	0.07321238852726508
2.0	3.371252971517624
1.0	1.5145930999618216
2.0	2.285397215121414
4.0	4.387855761863422
3.0	2.9554184351466044
1.5	2.3419554929154764
1.0	0.15734468495031473
5.0	5.652975858784355
3.5	3.617319082569638
2.0	2.132706877459338
5.0	5.148367152604725
2.5	2.9316986849864164
2.5	3.5853102631674183
4.0	2.90536161467349
3.0	1.968350494704145
4.0	3.1768438853571763
3.5	2.2490413510103995
1.0	0.37722560140299943
1.0	0.47979598301410353
1.0	0.5667996552339485
1.5	1.4862503185832179
2.5	0.2663395634421595
3.0	4.769385416331562
4.5	4.513009544899587
3.0	4.498784859619281
2.0	2.3883733077208564
1.5	2.0008872877997668
1.0	2.677383689889375
4.0	3.7844566689678074
2.0	1.649474264474979
2.0	2.0766016918223493
1.5	1.3524861485330246
5.5	4.362521066808464
1.5	-0.5413217469367364
5.0	6.0252394702400345
3.0	3.567366395832755
5.5	4.327772781132465
3.0	2.853732178288691
1.0	0.374365092032643
2.0	2.200160709966311
1.5	0.19149300476112852
4.0	4.665131666730721
1.5	0.4965409248552597
3.5	0.5489860013530996
4.0	4.397684225841475
2.5	2.2556735649177306
2.0	2.1537365060828266
3.5	3.901957732570578
4.0	3.1927386140891225
4.0	3.4837398377498316
2.0	0.9291339842832669
1.0	-0.5494647343129921
2.5	1.0351216079120518
1.0	0.5559511994160611
2.0	1.8186706294354587
3.0	2.5656085228709493
4.0	2.709950290216031
3.0	4.374316953286034
4.5	4.367355753781131
5.0	5.021384862483443
4.5	3.307676389985307
2.0	3.05987512446893
2.5	4.421180570197092
5.0	4.361751595846505
5.0	5.94116957495578
4.5	3.0932740637522382
3.0	3.165919190907648
5.5	5.752502770734631
3.5	3.9986263565538143
1.0	0.6788149264956007
2.0	2.0353811775495743
2.0	3.6766675860184828
3.5	2.7496990472357443
2.5	2.0152476791820932
5.5	6.052563991285243
3.5	3.9465507347218134
1.0	1.369068500451062
1.5	1.8003679939969446
1.0	0.01203889425390503
5.0	3.5156552074898535
5.5	5.379308916303282
4.5	5.73446509230938
3.0	2.9525204343442613
1.5	1.328898035709568
4.5	5.954541632391612
1.5	0.6242121608290037
4.0	4.384366321371908
2.0	2.7205809479130885
5.5	6.080868737802814
1.5	1.606398374873879
4.5	4.600981146017813
5.0	3.9598593698131306
2.0	1.7310509484513141
1.5	1.2127776291190546
1.5	1.260305508124876
1.5	1.3113320109122313
5.0	5.191376640011809
4.0	5.573657477554805
4.0	3.5096777324815696
3.0	2.417674314623129
2.0	2.5794396876970156
1.0	0.6970285261454472
4.5	3.5664247939777787
5.0	4.359297444015217
2.0	2.7829582541275064
5.0	5.032235638216793
1.5	1.6284272533293387
5.0	5.524279851423
5.5	5.394815358036313
2.5	2.8714904000274504
1.0	2.3948118775112412
2.5	2.981244701890393
5.0	5.452132418273877
4.5	5.369750532651354
5.5	5.059256982337776
5.0	4.798868017307547
2.5	2.7316426531349696
5.5	4.895702843001993
2.0	0.6326526136478927
1.5	0.8565308065061101
4.0	4.592829232974788
3.5	4.344719553454464
3.0	2.663639603455151
1.0	0.4754045854562229
1.0	1.5758996614665248
3.0	3.4271479072536377
3.5	4.032059692207741
4.5	3.102078930626855
3.5	3.2636721472103893
4.0	6.166503678310073
5.5	2.8834478410077393
4.5	3.8474552000635276
4.5	4.35078556835355
2.0	2.285383045702725
4.0	1.763954815639977
5.0	4.629520877187012
3.0	4.275187213726663
1.5	2.321368895317618
4.5	3.3761678027902953
2.5	1.6960643869847118
1.5	2.278221349073589
4.0	3.3938246972961226
5.5	5.926312436061166
4.5	4.495935560251487
5.0	3.883864791222594
1.0	1.3392658195867835
4.5	4.310874579181268
1.0	3.1709588891937406
1.5	2.37147868022812
2.5	2.3038872443167744
3.5	3.5518883150459435
2.5	2.3863136435169108
3.5	4.327947814536596
4.0	4.847352397171276
2.0	2.059289804237139
2.5	0.9621675683283248
3.5	4.328630031273925
2.0	3.1591218270524632
4.0	5.128885193102917
5.5	2.5364729895651386
4.5	4.851403645014297
5.5	6.297623094961223
4.5	3.525898395628236
3.0	2.197553943404228
5.5	5.685307801956825
4.5	4.018854855614823
4.0	6.487494678755103
4.0	3.987483659047516
3.5	4.226471004344323
5.0	5.2948161981776165
4.0	5.994481850798564
4.0	3.3000647147488036
5.0	4.563854437155273
2.0	4.122372265663557
5.5	5.040789961526782
3.5	2.656835472479464
5.0	7.962405433909126
2.5	3.670728929200817
4.5	4.453636546385614
3.0	0.9763356052025651
3.0	2.685742202654861
2.5	0.9486441402175363
5.0	5.053945147946321
1.5	1.146838733702048
5.5	6.6103010559310995
3.0	3.796294369988172
1.0	1.7396065621809211
1.0	1.057543020509346
2.5	3.2047880826559876
5.5	4.111169728338481
1.5	0.9430298010710213
5.0	6.261879469835218
5.0	4.393834458889454
4.5	4.172382571734334
2.5	3.0706367631174425
5.0	4.713279798806751
4.0	4.725424614154493
2.0	2.954733930659848
2.0	0.9361756227764206
3.0	3.5040697244538728
5.0	6.134675738615795
4.5	3.809531504116171
3.0	3.0946836003944775
5.0	4.188288279595514
2.5	2.7242712798632462
1.5	1.9817256119206879
5.5	6.9161747840928705
4.0	5.395100081114923
1.0	-0.41766597579640563
4.0	4.170945285680094
5.0	3.6172710925492364
1.5	2.323456691689955
2.0	1.2509239629241944
2.0	3.2157585779424833
2.0	1.751910635899868
2.5	2.2408983484945106
4.5	3.172435734052833
1.5	1.5785446069889348
2.0	0.29575199963761856
5.5	3.693869566297381
3.0	4.457721579878394
1.0	1.467983091996143
2.5	3.319089977976732
2.5	1.3638384104426013
2.5	2.525816067893709
2.5	3.1331103066685584
4.5	4.319484585385128
4.5	3.4733241592670074
5.5	7.073865824508257
4.5	4.892867917519473
1.5	2.3226186967034894
4.5	4.035994588704463
2.0	1.8585915617588267
1.5	0.6955840841541909
2.5	3.306789354024539
2.0	1.7696981720893312
4.0	3.510836917662772
5.0	2.7164757294773927
2.5	3.1012849280894246
5.0	5.268734569978934
5.0	5.611827078820571
2.5	2.1715927788888223
2.0	2.3076932920939974
5.0	5.8174548411723
3.0	4.178191925652751
1.5	2.438496300916346
4.5	2.8793992642984163
2.0	4.095575050088611
4.0	4.047750928347728
5.0	6.75817009478899
2.5	0.8466722540076141
1.5	1.3057410647646217
2.0	0.5846254229890844
1.0	2.408268862166541
3.5	3.5088606865347893
1.0	1.2639447622412963
4.5	2.906310419483527
2.0	1.4839878779261477
4.0	5.627893563219639
1.0	-0.668911495635832
2.5	6.021513732191188
5.5	4.93097390483615
4.0	5.349463255803246
5.5	5.513592099762177
4.5	5.513916228909589
1.0	1.4293499998099883
5.5	3.458389877303805
4.5	4.583779175167116
2.5	4.056695996765713
2.0	0.15777990837831846
1.0	2.042149019666783
3.0	2.1847110260015565
2.5	2.0150901379092687
4.0	3.456503129938763
5.0	4.793207914991368
1.0	0.8186037592870262
5.5	5.387813954126268
4.5	4.753796428921439
3.0	3.2100766379912025
1.0	1.6579216959033896
2.5	1.3782945657718884
1.0	0.8640196832821553
1.5	0.6370676072091072
3.0	3.1184822622294566
2.5	3.3748121015833195
5.5	3.986894889919134
5.0	4.544723926781456
1.0	3.0149526019969377
5.0	4.833196004571627
1.5	0.7272131680702788
3.0	3.4727015016737233
4.0	4.748366228633871
5.0	5.610128755921182
5.5	5.052821327035383
2.0	3.9448061236608476
2.0	1.8009043528075668
3.5	4.548055001847665
3.0	1.1016553818048036
5.0	5.353009405631282
5.0	4.528503483126549
2.0	2.8767007710415156
3.0	3.710953456149505
5.0	5.014259483735113
3.0	3.534668123293756
1.5	1.49732911655556
1.5	0.9885625578556491
2.0	2.3774680584814387
4.5	4.303499379382181
4.5	3.638125549690792
4.0	3.9978591158574828
1.0	1.107188845192811
1.5	2.497004424181372
5.5	5.2115292096928245
5.5	5.087579519176489
3.0	3.26765154278495
2.5	2.652325670284828
5.0	6.362082876691308
5.0	5.140109208016823
1.5	0.8604733061077947
1.5	2.8298284252612387
2.0	3.669969867815576
4.5	3.987616014586845
4.0	3.5331069279721565
2.5	1.0777935641678487
1.0	-0.6792876389720133
2.0	-0.15838699632828268
5.0	6.40703387229727
5.0	3.547461432897939
5.5	5.19712744471031
2.0	3.233239901179531
2.0	3.3018172747285286
4.0	2.7786288300708
5.0	6.21329897409461
3.5	3.7287326865770267
1.0	1.2270532578288362
4.5	3.827095957766184
4.0	3.622008872005888
2.5	1.5226464224321294
2.0	2.1673503346089307
4.0	2.3995461192232836
1.5	1.642301788341237
3.5	3.0676500932000828
1.0	1.4880024965770549
4.5	4.840479040611692
2.0	2.9511841033561814
2.0	1.1653264019877407
3.0	2.321019887516299
4.0	3.8017195864564
3.0	2.95844536946521
2.0	1.003000839247492
1.5	0.9558963731037238
4.5	6.062964018869884
5.5	4.937158961074489
4.5	3.0414217045095047
2.5	5.5628709604642115
3.0	3.235514424003219
4.0	3.562848931426207
1.0	0.49705922020078486
1.5	0.6221321763894194
3.5	4.331622678089532
2.5	3.7217391381711846
1.0	-0.9035380132705311
2.5	1.6681901937595718
4.5	7.253811601824028
3.0	3.209767280975688
1.5	2.8534804666295157
5.0	5.982477773357494
4.0	2.6683803519293656
2.5	2.2179896838763202
3.5	2.901901641059653
2.0	3.0120690084591724
1.0	1.5444937572041395
4.5	3.5595801507979035
4.5	6.633499106002423
2.5	0.9249478978824033
3.5	4.955238978427012
3.0	4.008321692430571
3.0	3.3171538463544126
2.5	2.9207013452663424
3.5	2.015814577343785
1.0	1.4993175932497105
5.5	4.8927203424160615
4.5	5.707212859815103
5.0	4.650786771287299
1.0	0.4510168652273021
1.0	1.9735237710532976
5.5	3.592906748674863
5.5	4.818270459378652
2.5	3.047627630347884
3.0	2.8905331267542014
2.5	2.5647450614675185
4.0	5.2451284010940435
3.5	0.8900684912320806
2.0	2.2505494346197783
3.5	2.254929016654632
4.0	4.501150623739789
2.5	2.863002699912143
5.5	5.925972692017019
1.5	2.8821565773413593
2.5	1.2252293749435699
3.5	3.8462787344297897
4.5	3.6625072761829536
1.5	1.1940547786208389
2.5	2.2330569868748564
2.0	2.2370426228058315
5.0	5.906598772080917
3.0	3.187066671925202
1.5	0.09407410288976115
3.5	3.442192105317528
2.0	3.5714053881176078
3.5	2.6408399165351537
5.5	3.5348523502801816
4.0	4.591094814758487
1.0	0.33595903643254954
5.5	5.032294073373437
5.5	5.779619405833053
4.0	3.3047747003184074
3.5	3.207489156930398
2.5	2.295011130167214
4.0	2.697666455635365
1.5	2.258030286696401
5.5	4.8279890156599095
3.5	1.9660571521551287
2.5	2.218675141547398
3.0	2.5531338791077665
1.5	2.4420292825464194
4.0	3.46405638279768
4.0	4.216509343975201
1.5	0.1151849537650873
2.0	2.280009803231618
2.0	1.9479098872757266
1.5	1.4249323922839068
3.0	4.018814480375743
4.5	3.55082912884496
2.5	2.028423284474839
1.0	-0.9619922556672957
1.5	1.5443696886181904
4.5	5.094359820458337
2.0	2.006998266848156
2.0	1.9592466130568715
3.0	3.2676877155721926
2.0	1.639215000933325
5.0	4.41454952016128
3.0	4.7482973142628495
5.0	6.025741936203956
1.0	1.6835650058346974
5.0	4.152316984430426
5.0	5.504686430887643
1.5	1.8618255974816065
4.0	3.32750880923864
4.0	4.506134273269152
4.5	2.7436157514478685
3.0	3.128702661015392
2.5	1.513075043970229
1.5	1.4459816029715051
2.0	2.1770317084501984
1.5	2.0528952429956155
1.5	2.083548805928107
5.0	5.801981591949369
3.0	3.4577257026403427
5.0	5.553371506393638
1.0	1.916864764333028
4.0	2.814407226425895
2.5	2.475398267785616
5.0	6.557560678638072
1.5	2.8741146662162245
2.5	2.96207601638578
3.5	4.356563014911781
3.0	3.964701381526462
2.0	1.7122758772786784
1.0	1.9157366453777804
2.5	2.4835001569450275
1.0	2.7611587602326093
2.0	2.1968713854215607
1.0	1.6267952729805144
3.5	4.067947980286668
4.0	5.927639490596751
4.0	3.9382078818230557
4.0	4.610365013717658
3.0	4.463144553979974
2.0	2.7773660389385206
5.5	5.997017553439784
2.0	1.8582667216475492
3.0	3.204004229975044
3.5	4.021087070784827
5.5	6.67978939777694
2.0	2.014465078093274
1.5	-0.9386679858869531
2.0	2.2061106668231405
5.0	3.4604746466275866
4.5	4.814655737770948
4.5	4.635570143782284
1.5	-0.05436582790756206
2.5	1.4391588929247394
5.0	4.231085061357289
3.5	5.373053563257277
1.5	0.4018217253173004
1.5	2.922542332052947
2.5	2.4205366302087383
4.0	4.601306537162368
1.5	1.5161339661922844
5.0	7.485578054805293
1.5	2.6293677794081844
4.5	6.765569124141683
4.0	1.8628357879700967
2.0	1.7173412284099725
5.0	5.668489312367631
4.0	3.2920343677968837
3.5	2.5838409095125923
3.0	2.3881112732584597
3.0	3.540817755974995
5.0	3.3291226268891805
1.5	0.666394154960433
2.5	1.566181097480717
3.5	5.8777841332040115
2.0	2.186072070776293
4.5	5.655075725148608
4.5	4.232281659727834
5.0	6.71385971235813
1.0	0.19005452026178504
1.5	0.7477810294295663
4.5	3.825441382842685
1.5	2.1683711159855292
5.5	6.360869479350778
4.5	4.610476755748248
2.0	1.055355596410136
4.5	4.342731546357962
1.5	0.7677590823662916
5.0	6.118527078713279
4.0	3.2811200444566304
3.5	3.611220791812269
5.5	5.3424438295362355
1.5	1.7661933864448303
2.0	3.6052731342657314
1.0	1.2783576663635534
1.0	2.881692750877373
4.5	6.222922443190915
4.5	4.250998977871148
4.0	5.600753417353706
5.5	6.0194369456248955
2.0	1.50097814521114
4.5	4.31392061274675
2.0	2.393831084952562
1.5	1.2257414263552215
2.0	0.48742280022130324
1.0	2.602629476044706
2.0	3.4564700702914424
2.5	3.34435206387903
5.0	4.165222220786092
5.0	5.128175613485648
1.0	2.624733603507025
2.0	4.171954987576154
5.0	5.380601064111105
5.0	4.6652343320975245
1.0	1.1571716879028717
2.5	1.6396531983683096
2.5	2.832780516491884
2.5	4.36398003175947
5.0	5.6464046456966575
1.5	2.4515159746849076
4.0	3.7287382735256633
2.5	1.900659536280075
1.0	0.7623962095321289
2.0	2.753290201679213
2.5	2.575685640664955
4.5	5.36775706815368
3.0	0.3391040563074803
2.5	2.2424515037125023
1.0	-0.8543225228591378
1.5	2.8718369452359673
1.5	2.3023369521735404
2.5	2.8057018049876925
4.0	5.501451590038127
1.0	-0.5486528291354535
4.5	4.502318899085202
5.0	4.4711434471228975
3.0	3.812359619139713
5.0	4.544704216116197
4.0	3.370092434731808
1.0	0.3977507875844173
1.5	1.470513862222697
5.5	3.9761748107213646
1.0	0.41647960259769123
5.5	4.781555471099436
2.0	3.2512272606154555
4.5	3.464344637540252
5.0	5.412393363958792
4.0	3.507291205998648
2.5	4.087770999981997
4.0	3.3644974420384464
1.5	1.838557594312527
5.5	7.715480105176857
5.5	6.2934760373416
5.0	6.421840654496736
2.0	2.8625482874869768
4.0	5.0821621738752
3.5	3.0219572760363205
3.0	4.291235905096583
1.0	3.0894744707091775
4.0	3.6343550653656402
5.0	4.676922331502547
4.0	4.846903319044364
2.5	2.6156733725137498
3.0	5.238883539329189
4.0	3.4558690610856244
5.5	4.2030609705305055
3.0	2.214626962939713
5.5	7.932303474682964
2.5	3.3161182979061383
2.0	3.6560876120267967
1.5	1.4830845519930342
4.0	4.460748140568102
3.5	3.6874049449039554
4.5	3.816643771902844
4.0	4.250594890854099
4.5	2.8412864178721993
1.0	0.38354409691335745
4.5	4.823262885556462
4.0	3.0305689788412824
1.5	1.6933307450302204
5.5	5.404270950150455
4.5	3.576526525566309
5.5	6.111086759732943
2.0	1.464251769487027
4.0	3.349996933650733
2.0	1.8281280118322938
4.0	4.227593471086553
5.5	6.699897331881152
1.0	1.2275010902232846
2.5	2.0312874395644727
3.5	3.905847196901531
5.5	2.9997266876739612
2.0	-1.2445888105668095
2.5	3.655965053106935
1.5	0.797510289750295
1.5	2.237625330645436
3.0	2.784257852320439
3.5	3.976743685851482
4.0	2.9782743362837913
3.5	4.090535866732209
2.0	2.930013566116318
5.0	5.103742799502919
5.5	5.740392358868154
1.0	1.8963899834864273
2.0	3.238882810642848
2.5	3.632771220445043
5.5	6.693569489056877
5.0	4.919215598226591
1.0	0.600242418909994
4.0	4.963868637115408
5.0	5.037417266247787
3.5	3.2409682270306384
3.0	2.205124559138735
2.0	2.827575285557926
1.0	2.6983254080208026
3.0	1.3894001652904553
3.5	3.9696376434485465
5.0	1.6187343140434685
4.0	4.2951090153623666
1.0	0.20783959265784968
1.0	1.3768725723163586
1.0	3.602907289586119
2.5	0.30157682022916754
3.0	3.418880895113606
1.5	3.148924048488821
4.0	4.42643113548298
2.5	1.9263347076279043
3.0	1.959354734123004
4.0	4.457830889942667
4.5	3.554680694736544
2.0	0.4980121563919808
5.0	5.599826826797822
2.5	3.8546864956459084
2.0	3.516434321714682
2.0	3.8571864562745324
4.5	4.303553166781516
1.5	2.0045387556902194
2.5	3.0179996672663485
5.0	3.8258938978741024
3.0	4.219693944794773
1.5	0.8312232544858077
4.0	3.91301491932481
3.5	3.2805394544131987
4.5	5.659769650950782
3.5	5.029597997445023
3.5	4.345818167417976
1.5	2.105073521337275
2.5	0.0811947247558793
5.0	4.511825779841221
1.5	1.1097588208432294
3.0	1.5646201744431087
5.0	6.679920649828756
4.0	4.836236095821877
5.0	6.222410211121946
5.5	7.035303978119609
5.5	5.5498561946325315
4.0	4.495939541557371
4.5	3.2562148614929516
2.0	1.1949198964685706
4.0	4.948957596012472
4.0	5.2873093489856
2.5	2.078232551599252
4.5	4.2084645650305665
4.0	4.8469499445137165
1.0	1.528104204339344
5.5	5.263851897332965
3.5	3.843625467873343
3.5	2.83015410228362
1.0	0.9351042910673504
1.0	0.05475504156487976
4.0	3.4110704884033964
1.0	2.0268061255270644
2.5	4.636895526470791
5.0	4.112494692078737
4.0	3.9505930458932896
5.5	5.875722142928777
3.0	2.2492508504389965
1.0	0.2852472948108342
2.0	1.8656315094646314
5.5	4.20382109982064
4.0	4.215443927771783
5.5	6.383417891052865
4.0	3.7209817968995234
5.0	3.6206921834201973
5.5	6.672861769271861
3.5	4.141412244350125
3.5	3.6463084014407876
2.5	3.376164148887736
2.5	2.493448657895111
1.5	2.536299356158129
3.5	4.556298032230167
3.0	2.64616138799665
5.5	5.365935472336161
3.0	4.936728410511996
4.0	3.755856957278498
4.0	3.5468155990323127
1.0	0.4789559514819768
1.5	1.9759592303588103
2.0	2.012693118004387
5.5	4.69472535429021
1.5	0.9574271270689961
2.5	3.571343721126651
4.0	5.3654280711023326
1.5	2.0996734263409036
1.0	1.8645226134390698
3.5	2.770095942627917
5.5	5.894706921176106
2.0	1.7738196380975484
1.5	0.9722507759457436
4.5	6.3924180625852065
2.0	0.9581440093621396
2.5	0.10767503151586055
5.5	5.722225083458328
5.0	4.577173339839485
2.5	4.8280554526107835
4.5	4.101390823267742
4.5	4.269093274787524
1.5	1.1049003572780922
1.0	-0.1613666144309005
4.0	3.763382955910032
3.5	4.24419153011613
1.0	-0.36062100345335657
2.0	3.0194531822512882
4.0	3.22704205290548
5.0	4.473627070983163
3.5	3.2854710474924227
2.0	1.2743927455652468
4.0	2.5913090384566626
3.0	2.2668716035899896
1.0	2.7554839052637896
4.0	2.3738260087077494
3.0	3.78179098124414
5.0	5.53868429923019
5.0	5.038210365114395
2.5	2.189675786458296
2.5	2.6460707882624437
2.5	2.2741779377015927
5.0	5.673017452311448
4.0	4.2755075539233145
1.5	3.2519210472393985
3.5	2.32514189697602
2.0	1.095723957157115
5.5	7.5157793757738425
3.5	3.309144219484323
3.0	2.509937230441443
5.0	3.3146279824773415
4.5	4.672173272442157
3.5	4.116658951490547
1.0	1.1507349409665428
1.0	-0.6072708892325194
4.0	3.1028330673539433
4.5	4.496653875234684
5.0	4.227671222203797
3.0	2.783846380965932
1.0	2.9275511114873582
4.5	5.257930023812554
4.0	5.299850634259832
5.0	4.638324092371842
3.0	2.7082270124525945
3.5	2.0474973783410917
1.0	-0.44166500235898476
2.5	3.2620352646500783
5.5	4.087494885022404
1.5	0.6137328442319323
1.5	3.1254949120177997
4.5	5.740961612380287
1.0	-0.4027777229707803
3.0	2.0738197232745006
5.0	5.20170181411433
1.0	1.3708354045615654
4.5	3.6715414323282713
2.5	2.5969471840717544
5.5	5.760771059515102
3.5	4.048447786803645
3.0	3.0944488510447528
1.5	1.9623747835123289
3.5	4.469235787326949
3.0	4.778661977317279
3.5	1.8974486501744772
3.5	3.6811500685766982
2.5	2.514501352329488
4.5	5.725596053005345
3.0	2.689440954693721
1.5	2.0909408189764944
5.0	3.9622665582949503
1.0	1.0853827239964522
3.0	2.6928655292290737
2.0	2.4629366015121317
1.5	0.24592254711031725
2.0	0.8282324079002406
3.5	2.9120203354343137
2.0	2.7716683475440513
4.0	5.506347816033253
4.0	4.013648637397815
3.0	1.3710009367111533
4.5	3.8082894724170537
3.0	2.111923985319966
1.5	2.293089612234684
5.5	5.322967741692171
1.0	0.8030719724378874
1.0	0.49849165509305016
3.0	3.843140222352517
5.5	4.7423053008501626
3.5	3.5121988873926995
4.5	5.551092759173726
5.0	5.102952165467423
5.5	4.838082373333343
2.5	2.583789281008907
5.0	4.044288039232843
5.0	5.211890444535221
2.0	4.491551774982764
1.0	-0.14227123708255474
4.5	1.6632985917137506
5.5	5.855394584422241
4.5	3.297526453299839
1.5	-0.12399651849374238
2.0	1.030661750340536
1.0	1.6695211204467095
2.0	1.6483950518859096
4.0	3.330922597494249
1.5	1.3385097547320746
4.0	3.597486010520574
4.0	2.7292310189901423
3.0	2.169807984861468
4.5	5.595253359147202
3.5	2.918526528531688
1.5	1.9655158164440265
1.0	0.7780314210504677
4.0	4.201026621978275
1.0	-0.08713813310453222
5.0	5.903648084548308
3.0	2.757532922963729
1.5	2.042344006020449
5.5	4.865430870097752
3.5	3.6526306616921396
5.5	6.064267946789644
1.0	2.3136216644115444
2.0	2.9319655108616773
1.5	0.8777603291466619
4.5	3.2764482310799212
3.0	3.2028053623618837
2.0	1.9511378091614628
4.0	3.0564849263506235
2.5	0.9507374083452358
3.0	2.566383093288011
3.5	4.817451179432721
2.0	1.7476844982661746
5.5	5.304760443814466
2.0	0.45333389893832754
5.0	5.067570852081341
