Gaussian Generator(1.0): mean=1.0,stDev=2.0
Gaussian Generator(4.0): mean=4.0,stDev=2.0
Gaussian Generator(7.0): mean=7.0,stDev=2.0
Gaussian Generator(10.0): mean=10.0,stDev=2.0
Gaussian Generator(13.0): mean=13.0,stDev=2.0
7.0	2.496214689446279
10.0	9.489206841969079
1.0	5.263774590112839
13.0	13.865408124011521
10.0	9.467018998361612
4.0	8.327223878513541
4.0	1.523457926291087
13.0	10.200103760800653
13.0	10.00962917215555
13.0	13.005823643665336
1.0	-0.40605317557115583
13.0	14.696108982310294
1.0	-1.7761426549730546
4.0	2.9774624967129433
7.0	8.596319755372143
4.0	3.8273448245531703
7.0	6.550571685401547
10.0	11.21647842666719
1.0	1.3715275774362188
7.0	3.553690790274014
4.0	3.251947975707824
4.0	3.977343487501453
13.0	10.49351223018926
7.0	3.1800032104852347
4.0	3.7149113424329183
13.0	15.66455415648132
4.0	2.7154860961295553
1.0	0.5384004742169348
10.0	9.999282030988896
4.0	3.838815235251687
7.0	2.6909432445006702
4.0	5.262326553330423
4.0	2.2040458279000097
13.0	15.644432265455624
7.0	8.323455594699968
4.0	4.541695218229001
1.0	3.1513658046690236
10.0	10.828411372379767
13.0	13.057928694432736
7.0	8.80698806264013
10.0	8.571466374966638
13.0	13.39521799763571
7.0	5.844809298921635
13.0	11.029200284008533
4.0	6.704013389516686
13.0	16.415810150334984
10.0	8.600923841370873
13.0	13.380044817392749
7.0	4.739149990116692
1.0	1.6164648863408788
13.0	10.761067325056146
4.0	1.196045414070705
7.0	5.386845391842693
13.0	14.563186458290955
13.0	13.62061728007566
1.0	3.500955461356523
1.0	-0.3958318514871
4.0	6.935745507941532
1.0	4.326577849050484
1.0	3.652412326743921
1.0	0.1296318803025741
10.0	11.891896345536603
4.0	4.716157203500592
1.0	5.71116204022722
10.0	11.572730462549933
1.0	0.9075845117861208
4.0	6.314191009548319
10.0	11.471875454305097
4.0	4.375540896460046
7.0	7.741076714218209
13.0	10.312744099176458
7.0	6.348859859816004
7.0	10.22471782124696
13.0	15.713748035212742
4.0	4.628617344927571
7.0	3.7499123421745737
13.0	17.09076590261991
4.0	1.142423575543062
4.0	5.062736632336508
4.0	3.3404926689209344
7.0	6.439772970328269
10.0	11.325437813821106
4.0	5.6651458897230444
13.0	12.68950400216263
1.0	0.8679023330006403
7.0	6.726353102788605
13.0	13.033224458060829
1.0	1.717975496586033
7.0	5.948030966186042
10.0	9.057678715318653
1.0	-0.9450072678282577
13.0	13.897171095594073
7.0	11.187086461945267
4.0	2.867643390979908
1.0	3.7148985208989878
13.0	11.869120449882613
1.0	1.2606151592461188
4.0	7.119877608881067
7.0	8.367265115611161
13.0	12.973298566372064
1.0	1.3723082489099026
4.0	3.3259842440608023
10.0	6.096121465383664
13.0	15.78963874662894
13.0	16.474025229113163
10.0	13.304113546041737
10.0	10.607361682323987
7.0	9.19881497256978
4.0	3.520323844850065
10.0	11.379970453885798
13.0	10.900389347808325
13.0	11.152254633916627
4.0	2.968483676933385
1.0	0.12439582790431547
7.0	8.086974750582513
10.0	9.484034950722338
13.0	9.14645079272343
10.0	12.209823336480957
13.0	14.908014116115952
13.0	14.212785018820686
7.0	8.318898093148919
13.0	15.750803820846297
10.0	10.074249111659844
4.0	5.7302150949619755
7.0	7.137240933542707
7.0	7.336553334037443
7.0	5.039865937684738
1.0	-1.0080526261188423
1.0	-0.21218934371305975
7.0	5.097855567487259
1.0	2.9725441753929154
7.0	6.952384830305854
7.0	6.119842184426673
1.0	3.420843994367848
4.0	1.6987855702693904
1.0	1.6100845538454691
4.0	4.980777377101498
7.0	7.273524694739934
13.0	11.763713071547865
1.0	0.5536087200046114
10.0	8.023336989688328
4.0	2.445987545571529
7.0	2.8655283688080653
10.0	15.334645025152462
4.0	3.43752568052279
13.0	14.052490973450555
1.0	2.576986561323397
13.0	12.63617541214427
7.0	8.815844082361613
10.0	12.354917658692735
4.0	5.198167103862202
1.0	-1.5888762117770963
1.0	4.304429813239933
4.0	3.590948653181397
7.0	7.9019146351188505
13.0	10.966855732104266
1.0	2.7448211515228813
13.0	12.425761391786345
1.0	2.1505138123371736
13.0	10.564845176718409
13.0	15.194305796257982
13.0	13.482998665282821
1.0	-2.584635465120923
7.0	8.162523658853102
13.0	16.574308371151396
10.0	9.086361672670805
4.0	6.484917765111936
7.0	5.343786797669219
13.0	13.337267956210455
4.0	3.365608775882243
13.0	11.271610680893955
1.0	3.152619601522232
4.0	2.613056129889201
1.0	-3.1550066720067758
10.0	7.166403928348839
1.0	1.313708235744256
7.0	9.359744550492248
13.0	11.841341911137121
7.0	6.855057668998596
13.0	12.474835606458633
4.0	1.736128375446604
7.0	6.731582700115855
10.0	8.791359703444755
1.0	-1.7801683680427027
13.0	10.543624618345987
1.0	-1.3114415472931862
1.0	-0.9392413463063793
1.0	0.7219932334688725
4.0	3.5684294293657013
13.0	14.715768983006349
13.0	8.250941566949775
4.0	4.535425462752708
13.0	12.706555168340167
13.0	11.572847839324318
10.0	8.767720022098372
1.0	1.2231604154702238
1.0	-0.1633715698294791
13.0	11.898795357400424
13.0	16.213704616127444
10.0	8.523954294930403
1.0	-1.3568214606055502
1.0	4.224881346457035
4.0	3.081840921028354
7.0	5.3511104061770975
10.0	12.502492201987542
4.0	4.132456476211114
4.0	7.9122720537866265
10.0	11.841316640546562
4.0	9.578482394850244
1.0	0.9456206697243408
10.0	13.077632124898036
10.0	10.548921452801533
7.0	5.232965424522351
10.0	9.307812613975221
13.0	13.932638315364853
1.0	-0.5894680405523522
1.0	-2.1936117318362305
1.0	2.4219902776496793
1.0	-2.9198149808943223
1.0	0.00764936063910493
10.0	8.236875715807303
7.0	4.517879912198078
13.0	14.96626462879851
13.0	16.806823092001782
1.0	2.303219483470591
13.0	17.562366367408174
7.0	7.816924212499923
10.0	10.671390514505699
4.0	1.985058344600806
10.0	9.411361309332086
7.0	10.358544067569987
10.0	7.238370842898279
10.0	7.262795490233966
10.0	9.326747300599664
1.0	1.1484038547826079
1.0	2.0712186064638827
13.0	13.197186629544344
1.0	2.1183676237314844
13.0	12.981234137937959
7.0	0.3265873266243631
10.0	10.163287112443602
13.0	14.862194693157193
1.0	-2.218191208104842
7.0	7.594979432833118
7.0	9.186626053218037
7.0	5.166236748328519
13.0	13.037424126885341
13.0	16.413134166040773
10.0	10.578997383976157
1.0	-0.5533040042536046
13.0	13.892101997438715
4.0	2.4495188961300576
7.0	5.262984173666309
1.0	4.734032371620257
13.0	16.250832750087394
13.0	14.36055466166949
4.0	3.260648401256474
1.0	0.3907788065089476
10.0	8.441553989423303
1.0	1.2169345380758314
1.0	2.3792314468403033
10.0	9.185795519813842
10.0	6.6211965568473286
13.0	11.576715221327863
13.0	9.644748554040556
7.0	5.298496821455659
7.0	8.235207234630407
4.0	5.685495809551946
13.0	17.137641922737238
4.0	5.302653601384184
13.0	15.331980727087169
7.0	5.834377917350713
7.0	6.838254326325348
13.0	10.385132006869007
1.0	2.772580048501842
7.0	7.3612979243642656
13.0	17.410590970734525
4.0	5.709197178753933
7.0	9.350684849835355
1.0	2.618128342036047
13.0	13.577576959002009
1.0	1.2841777542575503
4.0	1.6021190064957227
10.0	7.745974783804069
1.0	1.532418086855205
13.0	16.489057736608764
7.0	7.595637894175566
7.0	6.330685054751329
10.0	8.41225603992906
7.0	7.274222391229303
1.0	0.20583979279659226
4.0	6.377301169956834
7.0	9.631765087388588
7.0	7.050145005142731
10.0	10.525911620253158
1.0	-1.8509781334140971
4.0	1.3004402068552992
13.0	12.002006935578738
1.0	-1.9740980699297639
13.0	11.339869925744944
1.0	2.211820437614609
4.0	2.036632537619126
7.0	8.78129846341987
10.0	9.715446493912417
4.0	4.437027377869999
1.0	-1.3115696931106657
13.0	15.628024588934604
10.0	14.02969708536331
13.0	10.781008187338344
10.0	10.019595806579433
13.0	13.943471559429574
4.0	3.7157780268956424
1.0	0.779547072347522
10.0	6.803905255072388
13.0	13.9525324869516
4.0	4.297866850064044
10.0	5.967799884975746
13.0	13.229569321674747
10.0	10.836932792668394
10.0	6.948454831136216
10.0	11.06888386595747
10.0	11.037024916196765
10.0	8.96372032507555
10.0	11.898746034497515
4.0	8.125303350438184
4.0	0.8325350025292422
10.0	11.668983369327224
1.0	3.523903995222202
7.0	8.173889515000255
10.0	8.680527981517365
4.0	2.4325638625113246
7.0	8.4656647144281
10.0	10.582819120887466
1.0	-0.5769295754682704
1.0	-0.49444481387891703
4.0	2.4067327191404293
1.0	-2.6917124270146022
13.0	10.062645341062346
7.0	8.355836413142864
4.0	4.900592049223991
1.0	1.3907026794779698
10.0	9.165221852745644
13.0	15.105149290472076
4.0	8.20089693845562
7.0	3.5272854661342357
4.0	3.398502402081789
10.0	6.50085867108894
4.0	6.078414776813359
1.0	4.221518857469444
10.0	8.765556118126547
7.0	8.49809715917883
4.0	3.197833126391854
10.0	8.44637251579449
10.0	12.790338990921603
10.0	9.769836262962285
1.0	5.037109239894247
4.0	3.6928578415609787
4.0	4.870522161026604
10.0	8.67963584173202
7.0	7.464791254217253
7.0	5.696804916763732
1.0	-0.2704335831902047
13.0	12.485959291745145
10.0	10.374267526311998
10.0	10.122127343050515
13.0	11.691630543408833
7.0	5.59822621269204
10.0	10.247891200913825
4.0	7.611631857489867
7.0	9.873280455077435
4.0	4.514865497944184
4.0	5.609309874034524
1.0	1.6087011201733397
13.0	11.771728954177393
1.0	5.169195498080357
13.0	15.163876252107933
1.0	0.009262046408124891
7.0	6.389913566749632
7.0	6.719758668658024
10.0	11.495605194695004
10.0	8.175483647107173
13.0	13.531958515384673
4.0	5.090803578151687
7.0	10.249028727252975
1.0	0.1603862298728006
13.0	10.08869793909669
7.0	5.96211438014845
13.0	14.282489441104206
13.0	15.70506757344525
7.0	7.4644241769054975
13.0	9.912424304355554
13.0	16.115261439555155
10.0	11.650863930598774
4.0	2.913373140665213
1.0	-1.0500445077429421
4.0	3.3482332088019553
1.0	1.5784827595040989
13.0	17.170135699414555
4.0	5.805899959945873
4.0	8.058807178581002
7.0	3.355793639726487
1.0	3.891184932052177
13.0	12.969608559121976
1.0	1.7264069826016022
4.0	3.7991188953189376
4.0	7.184008819017807
1.0	-1.0696050491800886
4.0	0.7686018501322667
13.0	18.016819409919854
4.0	-1.1631218027862253
1.0	2.8528381316033498
1.0	1.1645251685357147
13.0	13.725116553773884
7.0	8.351891998657564
7.0	7.134177360570645
10.0	9.288244298061073
1.0	-0.1672869280927145
10.0	11.78357945699996
4.0	2.3666723464529964
10.0	9.590242601859291
4.0	6.847168170027598
13.0	12.240918271479577
10.0	7.998709891608733
10.0	8.31036393557713
13.0	12.8591618965401
4.0	3.6046949153938956
7.0	9.081884606570743
10.0	11.79809294809479
4.0	6.042799238958401
13.0	15.357410651930046
4.0	1.3182566835049059
1.0	3.780035413119829
7.0	10.32041219572289
13.0	12.498721869336931
10.0	9.023916175140368
1.0	-0.9116064522134364
7.0	5.012936627142069
1.0	1.3655863791727807
4.0	1.623108362746419
10.0	11.549339947372205
10.0	14.708799745900338
1.0	-4.005766639444083
13.0	12.625193183928982
7.0	7.150704731101369
13.0	10.653692588153389
13.0	13.287029808194596
10.0	11.304490867216272
7.0	10.013168627036775
1.0	3.7830180074606496
10.0	11.486845090154983
7.0	6.886745712353456
4.0	3.3730958065802836
10.0	12.87100644413697
1.0	-0.20955399628509364
10.0	8.809235491387785
13.0	15.028898009596936
4.0	5.048974543378914
4.0	4.425704409376128
7.0	9.335438743401582
4.0	3.0854922807807537
1.0	3.408611241352585
4.0	7.71290944965063
10.0	10.228536761046223
7.0	7.233571063787511
13.0	12.045425787617383
13.0	11.558330669666583
1.0	-3.2223706078297294
1.0	2.833965113276193
10.0	11.67002745281992
1.0	1.1297787499054228
4.0	8.303174429122567
1.0	0.8215257434249805
13.0	8.0738819960863
13.0	12.431710945814347
4.0	7.230895516765273
10.0	7.513534358316529
1.0	0.04382714018468714
13.0	16.597487127388977
13.0	16.545672909993293
7.0	9.557964051765284
10.0	10.102202895415099
1.0	0.3144094158453249
1.0	1.5557415426645544
1.0	3.1067341809779765
13.0	16.591400581257336
1.0	3.23570403461308
1.0	2.672135891117903
10.0	14.073477376765593
13.0	12.759121744361238
10.0	10.755169788025697
7.0	4.107840002263249
4.0	4.496940246252651
1.0	1.7446728688083053
10.0	11.345597389844151
10.0	6.813470746761861
1.0	0.43435986466329213
13.0	13.916727334348687
7.0	10.741833561942903
10.0	9.121791996807525
1.0	-0.3873217446399104
10.0	9.698402402242582
1.0	-1.2705533816461045
4.0	2.027877121287701
13.0	10.296397301577246
13.0	13.421002530568634
10.0	12.297971869937742
7.0	8.159602115440304
4.0	5.106755706516825
13.0	14.47275787549388
10.0	9.72483195842664
13.0	13.221563804866419
1.0	0.2326660051426176
4.0	2.665277947245385
4.0	5.705799057575699
13.0	16.54361668394729
1.0	-1.6300475004910906
1.0	2.767745758253872
4.0	3.9722240679383973
10.0	6.1900620668053685
4.0	0.505737404777924
4.0	6.864913232787629
7.0	8.961186293615176
10.0	10.103482992982856
13.0	11.444114059483583
13.0	11.742908164491386
4.0	3.188988840262977
1.0	1.757799480661825
1.0	1.742501243110811
7.0	5.332422354588965
1.0	1.0453072111677406
13.0	7.615385203821482
1.0	-0.8688853475750407
10.0	10.991476969469325
10.0	11.658125557586766
4.0	4.486757122270464
4.0	7.71322886896851
10.0	9.61626601127204
1.0	0.7878301305114421
1.0	1.1790844072740232
10.0	7.7907189239753105
1.0	0.29152742253435826
1.0	-1.9394431296191992
13.0	9.69285680261816
1.0	-0.37279234721290977
10.0	9.711844050124176
4.0	3.3222032174514347
1.0	0.3217341852231642
1.0	-1.3742457526977794
10.0	7.806383214536918
1.0	0.8439879923106661
4.0	1.8408624799354407
10.0	13.043797954210433
1.0	-0.5304122622924883
13.0	11.062267018326008
13.0	10.273546480394101
1.0	-1.0362934849445686
10.0	9.58329985144735
7.0	8.187121779669221
13.0	14.203567160601121
4.0	2.2009380428604275
7.0	11.022403539420246
4.0	7.004335036932829
4.0	3.1558081357506933
4.0	5.243961103366196
4.0	3.248639729256414
1.0	0.6190232572330474
4.0	0.9467561181511766
13.0	13.327564591643153
1.0	5.275988762286387
4.0	5.132056980267405
13.0	12.677294299132406
1.0	0.22006063543662546
1.0	0.7737806668463425
4.0	3.2105037353389974
10.0	11.2293679806735
13.0	10.91593678569934
7.0	7.6007793342598395
7.0	7.280459402722497
1.0	1.2461021230996414
4.0	5.408194033982936
4.0	1.6700165345004319
4.0	-0.09968927434809594
4.0	3.737242232590885
4.0	3.4232782091383553
13.0	10.624994224328145
1.0	-1.525398663957187
1.0	0.6705102415204025
1.0	0.8194580839223371
13.0	10.466801354136415
4.0	1.8142729750626718
13.0	13.370015503691784
10.0	9.894666713315953
4.0	3.2433499654351503
10.0	9.63217443427697
10.0	8.66311327458074
1.0	1.5212404899173535
1.0	2.5183670142931285
7.0	10.32035138248078
1.0	0.420271966595435
7.0	3.0482924412507484
4.0	5.8816092367707595
1.0	3.7483713333890893
13.0	15.079741048114258
13.0	13.376951113756212
10.0	9.326234885698314
4.0	4.577713841425238
7.0	4.44385847544771
10.0	9.531221455685357
7.0	6.707391111687949
4.0	2.6510777879556535
7.0	7.224293062236542
13.0	11.268194180584931
13.0	12.658501390824856
7.0	7.531614589600191
13.0	12.356179264407062
10.0	9.317304171099169
4.0	6.695546613009244
4.0	6.129347580292809
1.0	-1.2305357194112023
13.0	10.05442503241618
13.0	13.484211536481274
10.0	8.802342689642026
13.0	11.421065800758212
13.0	14.312445749163775
7.0	5.065572655939358
1.0	-1.923868324827147
1.0	-1.8367510059956116
4.0	3.804893911619945
10.0	8.570920733611295
13.0	10.335942049601222
4.0	5.05068424096354
1.0	-2.064022931315613
7.0	8.890788177986092
10.0	9.128448805688318
10.0	11.669443209971723
7.0	5.979266278792654
7.0	12.577374556382077
1.0	-1.5022365356674148
4.0	6.031374804264949
1.0	0.12231539954416182
13.0	12.178441610013149
7.0	6.312270354070845
1.0	0.19641602721966522
13.0	12.178624637751673
13.0	14.845002518456464
10.0	8.766798556473898
1.0	2.1663546773977775
1.0	-2.8730886550615917
13.0	13.169383043328533
1.0	2.2425395185395303
1.0	1.0984898921048967
1.0	3.7486145421123083
13.0	9.889314483625222
4.0	1.1778253029402923
4.0	4.304672768216527
7.0	7.223220242587207
13.0	11.886796640157387
4.0	8.678777783204886
1.0	-0.12868614428724423
7.0	4.859325666000531
13.0	14.32122674092852
7.0	6.795408263107188
13.0	9.166486329932077
13.0	12.90403170123181
1.0	1.1079293847159053
10.0	9.9297840718563
10.0	12.727453881598382
13.0	13.027743778398719
4.0	3.7000742009297682
10.0	14.918844974683516
10.0	12.004245356706011
10.0	10.516596196578416
10.0	12.129777343921388
13.0	12.643548027194646
1.0	2.573677603010929
13.0	12.603280832759978
7.0	6.670535493397432
10.0	11.191052938116812
10.0	7.598718662667061
7.0	10.173559875759809
10.0	7.491888676196467
10.0	8.97259477777858
10.0	8.0724750971723
4.0	3.6017989378372697
10.0	11.24916723024095
4.0	5.049158675746503
7.0	6.203655827464145
13.0	15.106209206822115
7.0	8.31900795595115
4.0	4.636776724013147
10.0	10.249314043241945
1.0	0.5077607608027077
13.0	13.891331287671669
4.0	5.774486033667452
13.0	10.293760235610119
13.0	13.70470250170882
1.0	4.436076778984072
1.0	3.567089861914845
1.0	5.458485686153924
4.0	4.39245756557782
10.0	10.366476370329027
10.0	12.08859193968414
4.0	6.39714721242899
1.0	1.399337184584307
1.0	-1.216340259217077
10.0	9.29457847192794
4.0	7.012489734544628
10.0	9.706229321052637
4.0	5.623703915357671
1.0	0.5854367773885827
4.0	4.815664175458773
13.0	16.11531308594043
7.0	6.767052798591497
10.0	12.457026696284007
13.0	14.075474362040076
10.0	7.391500082913048
1.0	1.2539624366451252
1.0	3.1175572753711904
7.0	7.4871917621971855
13.0	12.876938758354987
10.0	10.488258462627178
7.0	5.506268237933981
1.0	-0.6043322660809352
4.0	4.587576177996547
4.0	0.30495860036845235
10.0	10.148766730533996
4.0	4.451535399361418
1.0	1.480490061609138
4.0	4.7866085827730975
4.0	4.471590644421698
13.0	13.187740248494777
1.0	4.0005922083483085
4.0	7.06193123728009
7.0	10.34817082482985
10.0	11.239113759878327
10.0	10.01210797875924
13.0	13.369066195334137
4.0	5.292941204762185
7.0	4.772179493797703
4.0	3.1533973089380525
13.0	11.485303524147472
7.0	7.791271839362673
13.0	14.563177286766392
1.0	-0.6818891073019644
13.0	14.25896228427263
13.0	14.523734805513364
7.0	9.241937477803212
4.0	0.6375848846988736
7.0	5.484586221847328
1.0	0.2781634636339373
1.0	-1.0605732592707655
7.0	3.675707822390199
4.0	5.283133889761162
7.0	6.85066431488871
7.0	4.862413979288444
13.0	11.546714596910327
10.0	11.668219578330646
4.0	4.263922849763387
7.0	7.1312505585967605
7.0	5.829142234874555
1.0	2.056152284564944
4.0	4.788704195684419
13.0	12.89399987766264
1.0	2.6302999998416476
4.0	4.333751886210608
7.0	10.417194479549526
13.0	13.30695539643286
10.0	12.964285255664958
10.0	10.673976775136829
1.0	-2.867896079787153
10.0	11.648845008318009
13.0	11.213170348060679
7.0	7.893852526560526
7.0	6.510107144326288
7.0	7.36972030907669
10.0	9.277385487220235
13.0	13.126921969910377
1.0	2.252002095268856
13.0	11.620229438592734
1.0	3.8031466087434556
13.0	10.535055442746641
10.0	10.896898433264223
10.0	11.011765699823847
10.0	11.639450240080972
13.0	10.791230397013454
10.0	10.14020790614499
4.0	4.258478851526849
4.0	3.4342204412114774
10.0	9.531026522610736
13.0	16.606507156768593
13.0	14.644863064241543
4.0	5.345688292448613
13.0	14.486393268283853
4.0	3.90783285496125
7.0	8.456445969204385
13.0	10.104461363186442
13.0	10.794601429993257
1.0	0.509038224978398
10.0	11.754407133385197
7.0	5.476266956353099
13.0	11.896061173935095
4.0	1.593851184849675
4.0	2.636637571127796
10.0	13.984718086598006
10.0	11.501622580571704
7.0	8.563214522261827
13.0	10.707138902877972
10.0	10.303971522822392
1.0	1.4377963796310147
1.0	-1.5375555634692932
1.0	-0.5312887290422399
7.0	9.647495368701115
10.0	14.883413921578764
10.0	8.709162707739914
4.0	7.498280328493502
1.0	2.4146176949414775
10.0	12.44673067499445
13.0	13.993429440779916
7.0	8.167719711881157
1.0	-1.2715101808267915
1.0	1.9184096372241606
1.0	-0.13228629188498364
10.0	10.95820588286773
10.0	7.212405553229299
7.0	4.6268200920820854
1.0	2.2093816622642724
1.0	1.0619905754589845
10.0	9.705900500363397
7.0	8.646065345610253
10.0	11.337346856142581
1.0	0.507704606894616
1.0	0.6825674828919734
7.0	7.364040536627444
13.0	14.899279899409713
10.0	10.806435877635595
4.0	4.029365718517659
13.0	9.883797532258082
10.0	10.448962115205743
4.0	1.5387057469920729
4.0	4.549031466004758
4.0	1.6321320407162392
4.0	6.45403737250613
1.0	0.7201978643095635
7.0	8.024530088546857
13.0	10.535205385168474
7.0	10.60649771507418
7.0	6.703889260947244
7.0	8.364029809896916
13.0	12.853593843755172
13.0	12.875578384025285
13.0	8.991757180201345
13.0	15.775034119666243
10.0	12.519264407290148
10.0	8.337585574857219
1.0	-0.2178889439617051
4.0	0.33510052912867705
1.0	2.056789070423833
7.0	2.196596200574273
13.0	11.077611467536304
13.0	10.877944775111498
7.0	5.77802527938386
13.0	18.149359066324365
13.0	13.676342921901266
4.0	3.999300996448937
1.0	0.06371334556843677
1.0	1.9892349768271638
4.0	2.9033255753200904
4.0	4.5659329375431055
4.0	2.7864078350845842
1.0	1.3033737880392386
4.0	0.8724051701672542
13.0	15.03803830125285
7.0	7.927019384740357
10.0	12.56210805850803
7.0	5.210526360512729
1.0	4.128907954449533
13.0	16.38730282381021
7.0	5.884852961211389
10.0	9.244332835167866
4.0	3.8156929605079055
10.0	5.991958091983701
10.0	9.430338265934369
13.0	14.786792516072099
10.0	11.871308917462857
7.0	8.397165275149817
10.0	9.600180284529372
13.0	11.701306115505014
4.0	3.017266098399668
1.0	1.572384271617386
1.0	-1.8159997653482165
1.0	1.2588995196034718
1.0	-0.49664813699847565
4.0	4.062682549592017
1.0	1.9876593774454443
10.0	6.880833595109008
4.0	6.646540815901512
10.0	8.368952780123625
10.0	9.601111327546736
10.0	12.29797266452636
1.0	-0.8826292728598495
13.0	14.719536324648958
10.0	7.406133603515155
13.0	11.261198813377204
1.0	-1.6786713037495535
13.0	13.992315567470467
7.0	4.870550630021655
7.0	6.575212627537581
4.0	3.321928240008205
13.0	11.17541519609686
4.0	5.63124557055044
1.0	0.37882959189494303
7.0	5.9701088005994105
13.0	14.23148805330218
7.0	6.396937724947464
10.0	9.18064806933093
4.0	4.737349575017502
10.0	9.600900601646433
7.0	9.262075508195064
1.0	3.4744605236667256
7.0	6.321583086970134
10.0	12.709015967078082
10.0	6.77202358657471
10.0	11.25122260602866
10.0	13.483085935173891
10.0	9.383991159960829
1.0	0.35987052274491027
10.0	10.56536405695124
10.0	9.507113214116702
4.0	-0.846310551207563
4.0	5.291750053753788
10.0	10.397517523163494
10.0	10.224289140039165
10.0	12.879512783467073
1.0	4.641007050644635
13.0	13.442536782111103
4.0	5.410923326127975
10.0	9.275227717203874
13.0	9.649095281503243
7.0	3.9849987250835115
4.0	3.673476331420502
1.0	1.9350273710138421
10.0	12.857281439122254
10.0	8.983624275778288
4.0	4.62477005333272
7.0	6.9297280563430315
13.0	15.956762858858632
10.0	8.933511359668
4.0	2.5825718180169046
4.0	4.1064806921258565
10.0	9.495927317763787
13.0	12.089663796053065
10.0	10.999078605228807
13.0	14.735191217111389
4.0	1.5983956047825827
1.0	2.7235789083923083
13.0	14.8574451284695
13.0	11.721941640310211
13.0	12.918787088589882
10.0	9.317295181179526
13.0	15.60118182729122
13.0	19.25860096504048
10.0	8.844059941173734
4.0	5.739218559689903
13.0	15.248403867658265
4.0	2.0364969241162836
13.0	12.630609930773641
4.0	4.929313905818237
7.0	5.247793066451181
4.0	3.6380293857972026
1.0	1.6012905453623287
4.0	1.5481522017587293
4.0	4.573854797413496
7.0	6.3352425584208945
13.0	15.723262359929592
1.0	1.4844172734097658
7.0	5.204829233805107
1.0	0.9333822001262078
10.0	9.142809436266807
13.0	12.760435388757575
7.0	3.752281147032985
1.0	2.111967901819402
10.0	8.624984082288492
13.0	14.6536367062728
7.0	5.430494426467099
7.0	8.485513605883877
13.0	15.542933509272906
4.0	0.9363740661762625
13.0	16.317791052897952
4.0	4.938883624732458
4.0	6.463851455739476
4.0	3.3548964893786404
4.0	4.420641979446237
7.0	2.939523656606722
10.0	13.098421657807318
1.0	-1.497769385707413
4.0	5.966297042167679
7.0	8.594403326893099
4.0	3.7572686223802227
13.0	11.453807779254186
10.0	6.25747945304858
