Gaussian Generator(1.0): mean=1.0,stDev=3.0
Gaussian Generator(4.0): mean=4.0,stDev=3.0
Gaussian Generator(7.0): mean=7.0,stDev=3.0
Gaussian Generator(10.0): mean=10.0,stDev=3.0
Gaussian Generator(13.0): mean=13.0,stDev=3.0
10.0	10.81674950584793
7.0	3.850353736754338
10.0	5.731858662932104
4.0	2.090956122415035
4.0	0.9404964260077682
10.0	13.142942937134364
1.0	3.4282521842462104
4.0	4.768833902213274
1.0	1.4391811085257635
1.0	1.5529039992411426
13.0	9.400768000696345
1.0	8.675967319468592
4.0	4.5959638058986005
13.0	16.209459192997514
1.0	-0.4361118257033205
7.0	8.947098859998363
4.0	4.798910791024507
1.0	3.980005571885025
4.0	1.404762086454617
1.0	1.6262773990804087
4.0	-1.3468389795099869
10.0	11.474406216714527
4.0	9.384545637307486
4.0	8.299432232387886
10.0	12.053516005385355
13.0	13.509205590176498
10.0	4.283450067761093
1.0	-0.3357640851738428
7.0	10.51075947157635
1.0	1.2013304515730099
4.0	-2.095150584145059
1.0	0.9036475485207096
10.0	14.683968270829789
7.0	14.869411144901887
1.0	-0.9826833648793314
10.0	12.757396003113307
1.0	-3.4636122631045687
7.0	2.7685303031733657
13.0	11.188030440411726
10.0	10.176459234035418
4.0	3.77449750962295
4.0	0.7283737212139343
13.0	13.749837056478448
10.0	9.534988179469273
4.0	2.8440974395165695
4.0	5.620145305073021
13.0	10.552772554510138
1.0	3.336013110039268
7.0	9.961572288497726
13.0	11.544683533849724
10.0	12.612164687585885
1.0	7.447526354532504
10.0	10.565822084079558
4.0	5.632580680887895
10.0	5.876097078026068
1.0	0.7304339392249164
10.0	7.068705716848319
13.0	12.117601466422203
1.0	4.973037895840687
4.0	3.4592956777345925
7.0	5.583428216853879
13.0	15.880231768427437
10.0	11.210025053244262
10.0	9.314435589747143
10.0	17.325491997332314
7.0	7.783337725769453
1.0	-3.334879981451591
13.0	10.107654335254963
1.0	-0.7981605814173764
4.0	7.828546362466155
4.0	4.3526995815081095
1.0	2.1782627310063254
10.0	11.078097262612715
13.0	15.12680982514164
10.0	10.039101714266746
10.0	7.3968180493588624
1.0	4.0815454015549015
4.0	1.1603268716810033
13.0	13.890894391083798
10.0	7.745811790136418
13.0	15.372625010432014
13.0	16.87638370551918
4.0	0.16133454759197008
4.0	3.1025717600682703
13.0	11.417395308047334
13.0	13.339017403526595
10.0	10.201220162794355
13.0	13.808149955875628
13.0	12.963223325091228
13.0	15.723997664152707
7.0	8.08724562633976
1.0	1.405176397105231
7.0	8.411009628439968
4.0	6.572031902314129
7.0	9.345677536265937
13.0	17.531857655432027
10.0	9.71223296060561
10.0	8.109310975210327
13.0	12.164247562170052
7.0	7.4113468353657606
13.0	11.73783750692146
1.0	-0.7224840087812248
7.0	4.945344431782289
10.0	10.249002739622686
13.0	9.833150739782383
7.0	5.940650892270117
4.0	0.24351159567363467
1.0	-1.115858728482631
13.0	15.226436656803186
1.0	1.2551603992759985
4.0	3.8400548169927955
4.0	5.370668460167358
4.0	2.548723895455145
10.0	8.318542514749469
4.0	9.12186716283257
1.0	4.513749441558998
10.0	17.496381597313103
1.0	5.705679172873452
1.0	8.087801497216823
1.0	0.17704568350525074
1.0	3.9561624193055245
7.0	2.022841799113042
7.0	5.368427906972538
13.0	15.688701342447988
10.0	11.35799329211165
7.0	4.061520746887686
10.0	9.973077254014658
1.0	-0.5954545800169311
4.0	3.364435189058816
1.0	-0.37542477051542655
4.0	4.461326321226309
10.0	8.080688693449824
1.0	4.548194168543813
10.0	5.1381123770426615
13.0	11.100563315663171
1.0	-1.1774864043147173
1.0	0.028483546636702384
4.0	2.932535209049385
1.0	-0.0245916128627659
10.0	7.769725778903565
7.0	11.624585297718632
7.0	3.895570323463326
4.0	2.664968259926317
4.0	3.703479108090466
4.0	9.908331238675377
13.0	14.817763608825107
1.0	1.7567916419836067
1.0	-0.8419984356075161
1.0	-2.1656815875478608
10.0	7.324012180168184
4.0	-0.9036370155826079
10.0	9.942931864252426
1.0	4.586112731511204
4.0	6.284769931358806
10.0	10.224188764458713
4.0	5.907873660205344
10.0	10.153428032822317
7.0	9.849968387461747
13.0	11.574209054444447
7.0	9.53293218716907
7.0	10.061045296890141
4.0	5.274145837043855
4.0	5.729264937341198
10.0	11.531673054906678
4.0	-0.30071244085642235
1.0	1.8693730982524495
13.0	13.308029129140058
4.0	7.816508025176763
4.0	-1.1764615275909547
13.0	18.190448006562768
7.0	6.164776331111998
13.0	11.136815523744911
13.0	13.344253482248813
4.0	3.023718993454665
10.0	6.897495077038658
1.0	5.323741094751165
10.0	7.534479397680199
13.0	15.783732284799644
7.0	12.431337439226485
1.0	0.2281755994804795
7.0	2.8774660141440984
7.0	2.140523783467448
7.0	5.20869959538334
4.0	4.019017904059423
10.0	11.48432600682815
13.0	14.400054213186085
13.0	9.640213213875867
4.0	2.470974341277128
1.0	4.568033560720959
7.0	10.00606532663926
7.0	7.281263976585766
10.0	11.403558381013815
13.0	6.867737814110293
1.0	0.03760252069224257
7.0	6.124918517026724
13.0	14.191364546146152
4.0	3.2882909244009997
10.0	5.570136349155462
13.0	11.243539010907435
7.0	8.48862323731759
13.0	13.067257769080467
13.0	9.000961579169942
7.0	12.35471248260624
13.0	16.713219576111364
1.0	-2.323078657831795
1.0	5.041142507279253
10.0	11.96447662579589
13.0	14.667181803885907
7.0	10.516548804443936
13.0	13.36957681975016
10.0	9.800996701118667
4.0	2.794533196207247
10.0	8.852392072571124
13.0	15.682127843275032
10.0	7.649661836747457
1.0	1.723219107538521
10.0	8.16208170822943
1.0	0.8205040244240192
10.0	9.775752673993344
1.0	4.855614449852833
4.0	1.7526964397370812
1.0	-0.9410536345504839
4.0	3.273840152327856
13.0	10.967735756661789
1.0	1.1981277108630604
13.0	12.213168063821746
7.0	4.648769672736989
1.0	6.644036861126471
10.0	10.437685847872427
10.0	11.454536830341635
10.0	13.273511698270639
13.0	14.855247962961407
10.0	10.022199662840514
1.0	0.22719436269018045
1.0	4.284725687293178
4.0	6.363193164245639
7.0	4.624707378458081
7.0	11.633686002980209
4.0	5.750595394563378
10.0	13.381238257597913
10.0	8.533002577719207
10.0	5.605577253998316
10.0	14.437988629917573
13.0	9.72439575595106
7.0	11.170927994520232
4.0	-1.9053816559020884
7.0	11.395081630602558
13.0	10.277243279434156
4.0	6.03064210130529
7.0	6.157265267400921
7.0	8.079169184556688
7.0	9.007666295586525
1.0	-2.497941450963686
13.0	12.238751002720814
10.0	12.148142465916079
1.0	-1.4313255770429492
13.0	13.0517133665878
1.0	0.8518810786642051
13.0	16.23997704542587
13.0	12.374290959740593
10.0	9.248547852398689
13.0	9.687629446230432
1.0	2.6442098002304366
13.0	14.57202976326725
10.0	10.180733693349906
10.0	13.689288612821933
13.0	11.74426847493414
13.0	11.940927562400331
1.0	-4.63586789255577
7.0	12.33547769674409
7.0	7.819452568951651
10.0	7.565107308529939
4.0	3.6612948916475965
7.0	2.888260982123265
4.0	3.963625994338418
13.0	12.986905955308487
13.0	9.249909984454963
10.0	12.522027456333593
13.0	15.874413035916525
7.0	3.605359830493388
4.0	3.5848583881402427
1.0	1.9648837590488126
10.0	8.723029854769457
4.0	1.8421996023136495
4.0	3.9423175540347715
1.0	-1.4139847904136182
10.0	6.705121082283384
10.0	13.838903806903668
13.0	14.550086122534744
13.0	10.104868262164901
10.0	10.73982743620666
1.0	5.258961064588034
10.0	11.606941961934488
4.0	5.681192140731833
10.0	9.616330018457868
13.0	16.718402178451026
10.0	5.435205953502105
7.0	5.940369929714148
1.0	0.8678028527489243
4.0	3.404685628587954
10.0	10.54254737824203
1.0	3.1558348783284056
7.0	11.013473689278015
4.0	5.47360268623005
4.0	3.034087183497282
1.0	3.5492046155251105
10.0	14.877013089770598
13.0	14.341480064506287
13.0	14.555299550896128
10.0	5.750418666485236
4.0	3.984940781826527
4.0	2.455523262640845
4.0	4.814945358497525
13.0	15.285539893439239
7.0	8.648375561448898
10.0	4.177508767808072
13.0	15.472602112678493
1.0	2.2534869299126505
4.0	4.049195942809441
7.0	6.7605091103671935
10.0	12.28941188323811
7.0	6.179021320666877
7.0	10.343071551855175
4.0	4.658447323354533
7.0	9.616854852079374
7.0	6.52533808671612
4.0	5.564846330688499
1.0	-1.5223634900780048
1.0	-2.099526011599983
13.0	11.783711676621397
10.0	11.877887664868318
13.0	13.597901850156768
1.0	2.0276341444508015
1.0	2.364183284367175
13.0	16.60488439840455
4.0	6.30568922925231
7.0	7.023533076443511
4.0	0.5703831816487455
1.0	-4.677722118696895
13.0	7.912853037876333
4.0	7.572339613470264
4.0	-1.3829710697034798
4.0	-0.4334849126933369
4.0	3.1428133015704818
4.0	6.839296275126749
10.0	5.512496082573945
13.0	10.126023584315922
13.0	12.073965908449678
1.0	5.467514354954751
7.0	0.4121396351011919
1.0	4.769719909820736
13.0	17.051243800701773
13.0	13.367760432462472
13.0	10.895184609370594
4.0	6.265649243226246
13.0	13.733635388448556
7.0	11.925440548949743
4.0	4.038437065079612
13.0	16.154760722835263
13.0	14.25810351063279
7.0	4.867392213387886
10.0	11.088475551068893
4.0	6.946500837167072
1.0	-1.2029281698138785
4.0	8.346096001866496
13.0	13.804204458248325
10.0	11.725044826146766
1.0	4.595695066524127
7.0	7.819276275062148
10.0	8.673457181267487
7.0	10.073619430108318
7.0	3.2029662054124355
4.0	-2.0656411224596942
1.0	5.309568050389672
1.0	-5.3873782840919056
13.0	16.240877558344
7.0	9.046637271854902
10.0	13.811608693207493
4.0	2.328101573683509
1.0	-0.43530678766079145
4.0	1.843052616408118
10.0	8.110712230194709
1.0	-0.5101119161612071
4.0	3.714400815894578
10.0	5.133098818311033
10.0	11.99755473899195
10.0	7.111603195958062
1.0	0.5599096649584496
4.0	8.126963115332654
4.0	2.920777812672803
1.0	4.779800476953728
4.0	8.446082335266356
4.0	4.1372650909710655
10.0	10.6738414306935
13.0	11.551409424791302
4.0	6.694823437050781
7.0	8.580817906851461
7.0	6.495666944943185
13.0	11.697372598376363
4.0	9.324762659170311
7.0	6.346560654370367
1.0	7.302553272380589
1.0	-0.6750280227036243
13.0	11.99039388812904
7.0	7.973575879111899
4.0	6.805424788195607
13.0	17.137911197775942
13.0	11.684823772348997
4.0	6.1764075611449885
13.0	19.82474101393013
1.0	-0.45426174348839465
13.0	12.988172914920218
13.0	8.976733047256438
10.0	8.378622623352166
7.0	1.7891703912023562
7.0	12.339496179625925
4.0	3.0289158426833707
4.0	6.194844066169361
7.0	10.576589384402588
13.0	9.760927400519256
4.0	9.499293357733196
4.0	5.6222468196478275
10.0	13.10372416711736
7.0	11.557505290483228
7.0	14.833847552977039
1.0	-2.399695857486484
10.0	5.311121903044195
13.0	15.839220640149732
7.0	5.525145932581815
4.0	2.170910103946025
13.0	14.96004073490284
4.0	1.3611010125538607
7.0	0.8613335253789982
7.0	4.817705580969187
7.0	12.35843939808686
13.0	18.28844158101343
4.0	2.4681976525050855
13.0	8.759950942221531
7.0	1.455641468727836
13.0	16.008249557082266
1.0	0.39759955876154374
7.0	4.12937897312255
7.0	4.810885259250708
10.0	9.71051411269541
7.0	1.6339201289471106
4.0	-1.4505802185936787
7.0	3.487842080020454
10.0	8.036038812624856
10.0	8.587480534097445
13.0	11.943110275288886
4.0	4.657065013550698
4.0	3.968091089090762
1.0	1.6242723108608528
4.0	4.319075343876069
13.0	12.907344387311
4.0	1.5569199384486105
4.0	-0.5608726785581322
7.0	3.292466252464727
7.0	9.956883498545054
13.0	13.463927526867149
7.0	4.4577354486891725
10.0	6.528101180430132
7.0	8.58718167015395
13.0	16.96741383328116
4.0	1.9293779663451733
13.0	12.737045511104094
4.0	7.59892999087864
13.0	8.679632917488512
7.0	9.448334260333533
13.0	13.7800794636334
10.0	9.830049603729167
10.0	11.423207442446696
4.0	-2.761448997059575
13.0	9.444030643914083
7.0	11.179824029949529
13.0	12.35692420067779
4.0	2.2425678074364432
10.0	14.629857875656349
13.0	11.3303831834568
7.0	6.426120321318754
4.0	2.050232628923722
1.0	-4.207138901575051
4.0	0.4343280534347129
13.0	15.674193299398391
7.0	9.755861725246202
7.0	10.31151170170018
7.0	10.46708641821126
1.0	-0.7960379537591948
1.0	5.667463568397188
4.0	5.794823837388744
1.0	1.9375722266223239
7.0	8.23369072131812
10.0	12.596259121081184
1.0	1.4597925805705745
1.0	1.6506469485572615
7.0	6.663273928867288
10.0	8.318260179835889
13.0	11.184946304811863
13.0	8.304102835285581
13.0	9.18312535583989
13.0	10.062391967302615
7.0	2.1874297243564156
4.0	2.9484001129001323
4.0	6.1871232374015435
13.0	12.692583888591361
10.0	13.596783769004931
10.0	10.65445531762746
7.0	1.365034520645132
13.0	13.130607239709907
1.0	1.5564243050796596
7.0	8.392947481540197
1.0	-3.881605631408961
7.0	6.607358923554432
7.0	1.9742525311754546
10.0	10.64064740291058
10.0	11.172262642597317
10.0	5.313756119352426
10.0	11.548652335549871
7.0	10.748855013167429
10.0	9.193871475767121
7.0	10.64355118327099
13.0	13.628569222962527
4.0	1.1287927737976617
4.0	5.348493492041882
10.0	13.994815345918376
4.0	5.42289526845337
13.0	7.12776174802562
7.0	6.271537632547552
4.0	5.01919868196968
7.0	3.71960035297243
7.0	3.3439258588022023
7.0	1.663873819442978
4.0	9.377332993848514
1.0	-0.8087378470146187
7.0	5.165840062428854
13.0	18.269209086046537
4.0	4.724326369044194
4.0	3.9290356115057854
10.0	11.632552655154722
10.0	6.851950326899646
1.0	1.782961965474581
7.0	-0.27789177218234684
1.0	2.866060717743865
10.0	10.275067139867954
13.0	16.843863370913123
1.0	-3.7716911315140162
4.0	0.6822897007880351
4.0	4.401542995925847
13.0	16.570112977222962
1.0	5.916873177093638
10.0	12.819065984094763
7.0	4.445684836877077
1.0	1.9823175160567812
4.0	8.281893438743039
4.0	4.466632321348793
10.0	10.029371987723161
10.0	11.777285540542541
4.0	2.6155297885181605
4.0	1.3490530772941751
7.0	11.501792832445773
10.0	11.00902270490898
10.0	5.911270423805565
10.0	8.230047153877642
7.0	3.5417515299256666
4.0	2.5947230657997866
1.0	-2.618894185913463
1.0	-2.7785336100625893
13.0	11.01988478641476
10.0	8.090110769889728
7.0	5.377243536315053
7.0	5.722732908765385
10.0	10.847513477800547
13.0	9.020353788607562
13.0	15.00069222406804
13.0	12.255727885805502
7.0	11.175652351447532
4.0	4.763516530877797
1.0	2.171226897543396
13.0	12.385228931814826
13.0	6.861981755225104
13.0	14.163555324756674
4.0	6.352000760234221
4.0	7.618725111295154
4.0	6.178765886057471
13.0	18.323310461941418
1.0	3.503768265641463
1.0	3.890403340054477
1.0	5.992791850224481
10.0	5.247185589221986
13.0	8.874099369927846
4.0	7.969641761588068
1.0	-1.1419083750756376
4.0	2.583062745232112
1.0	2.9518740696168697
13.0	12.708725028929084
7.0	5.145437698143246
4.0	-0.07167428672161691
7.0	5.907673462947592
13.0	15.965091502344105
13.0	9.332933509334275
13.0	13.745866371396021
13.0	13.011734504422796
1.0	-1.8915670923378416
4.0	3.795669063181243
7.0	6.483902621721567
1.0	0.29443108265945617
4.0	5.076543307396438
10.0	9.10620665358076
10.0	8.607194788367076
1.0	7.180663609495591
10.0	4.357164409706517
13.0	9.399312990098668
4.0	5.944164607084071
10.0	13.104942127733336
4.0	4.168308154248864
1.0	-2.4424318430587317
4.0	4.63084341795865
13.0	14.842939831069769
10.0	6.2016966220199325
10.0	12.018262881576387
1.0	-3.1695128067047076
1.0	2.7985190909865953
1.0	1.1564596853137428
7.0	10.197821838867913
13.0	11.28090697909509
4.0	4.408249330941515
1.0	3.0889281991691897
1.0	1.7417140227978116
10.0	10.844911728382208
13.0	12.981302799035968
1.0	-0.8396483863607029
4.0	0.7355677873140989
4.0	-0.13908997530522882
10.0	10.529217074966132
13.0	14.19890147805115
1.0	-2.108890617914952
7.0	6.083348270026743
4.0	7.034049947655476
13.0	11.454585477496876
10.0	14.941003099368995
13.0	15.089284026107295
7.0	6.258525894810112
7.0	2.398345825369992
7.0	7.009383388110668
10.0	15.988010712694635
1.0	9.083559663729773
10.0	8.22334862638174
1.0	-0.45894700260770915
7.0	7.0916250828880365
13.0	11.170609487899224
7.0	6.530209411322992
1.0	-2.1847826418282943
10.0	17.613387610549157
10.0	15.266888881477488
1.0	4.275133422504926
1.0	5.277072879688201
10.0	9.448399662721023
7.0	4.332139225595894
13.0	19.426747163017666
1.0	-1.3113272408075245
10.0	9.022960438494211
7.0	4.7309512543005585
7.0	4.083930389730212
1.0	1.571234081649241
7.0	5.1088471545167184
10.0	13.16193305026416
4.0	8.391398725577854
1.0	-6.339201059854837
13.0	10.143649468954361
13.0	12.876866644422728
4.0	1.4228645987903095
10.0	11.857838233170622
1.0	6.712138199022051
13.0	9.843958311475618
1.0	1.1156673667746762
1.0	1.9792714331179138
10.0	7.6919900588178285
4.0	1.7612981314280338
10.0	7.6639340158291045
13.0	7.173544520551663
1.0	-0.6068798069716399
7.0	6.032712555009979
1.0	-0.9427013985253281
4.0	0.8722589518721771
10.0	5.311184770245533
10.0	6.14038484858323
4.0	3.45946979803228
10.0	6.4930980526286834
10.0	6.869900781232938
7.0	6.443505713866784
7.0	3.818269674941023
4.0	4.104915704940273
13.0	15.583432439377692
13.0	14.098689852622378
13.0	7.915813742354681
4.0	2.848393397103729
13.0	13.59133343111866
7.0	5.553981931400874
1.0	4.8645232757937436
13.0	11.268533189798314
4.0	5.270390323101201
13.0	14.35396106195598
10.0	8.891693660697342
7.0	2.8015669082896153
4.0	2.673674657624484
13.0	15.436865275611918
1.0	-2.8834996307286405
1.0	-0.3492751494276123
10.0	12.030693907795303
10.0	3.991586082351663
4.0	6.518059732989807
4.0	6.094084491223878
4.0	3.970182607019478
10.0	7.320245123813107
4.0	0.1084636332806399
4.0	2.507733709332033
13.0	10.531697030553808
7.0	7.064673501098123
13.0	14.401663632160355
10.0	11.423915617949525
4.0	3.917202988098398
4.0	2.0240273288841295
13.0	13.375761220498186
7.0	7.357897340905991
1.0	-2.317924162657434
10.0	8.53550412306234
13.0	19.171775700778824
13.0	18.08378362208674
13.0	13.156694618278081
4.0	1.5553601099813044
10.0	10.437458574560162
4.0	8.418471025655187
7.0	4.460070355095878
4.0	11.371460304779898
1.0	-0.6406530369192027
4.0	7.2163286782397496
13.0	15.44870566459577
1.0	2.8461549311282246
1.0	-2.830244725791411
4.0	7.552880465749723
10.0	8.412637317239877
7.0	9.882456437335438
7.0	8.511600594145142
4.0	7.042610594893677
13.0	13.943447286304565
1.0	-4.123640071162045
1.0	4.4488381833273865
13.0	8.863892719988824
4.0	4.7817283153861965
7.0	4.35372323904298
1.0	2.3796125185292745
7.0	7.22298831237938
1.0	0.9673660181418177
7.0	12.672587767870187
4.0	1.0510120264008358
1.0	-0.1459570660887468
10.0	2.6924116418362747
4.0	4.8867518335115525
4.0	3.639802657388612
4.0	0.986133129160061
4.0	4.600321692145329
4.0	3.7086914980981125
10.0	7.5168784181860975
4.0	6.2956079805615515
4.0	-3.694442262545093
10.0	8.045129466670044
13.0	14.428301403336011
10.0	10.487453260244498
1.0	-1.9301357452832923
1.0	3.5215967021903936
7.0	3.658011455057147
10.0	11.028163907781641
1.0	-1.3516743568251837
7.0	6.688961677181625
4.0	2.069257012652315
1.0	1.5730117697693915
10.0	4.137031313935332
10.0	4.505595836905477
1.0	-0.8698634431618719
10.0	11.517618153178153
13.0	13.2662837939891
4.0	3.5820043499282694
1.0	1.4769023251167925
7.0	4.403954400548052
4.0	1.7746203319272862
4.0	5.345715325432307
10.0	14.26319453738774
1.0	2.0728207121545017
4.0	4.999697867576897
13.0	12.214963387324918
1.0	3.97302301873216
13.0	12.580071087303065
10.0	12.774807097280444
4.0	5.712153380153428
4.0	9.04168445266308
10.0	9.450581255217877
1.0	-1.4598520761263827
10.0	13.385851236801653
7.0	7.715512351695998
10.0	6.26096705955665
1.0	1.588014031763207
4.0	4.978974107121356
7.0	4.637456404006404
10.0	9.665022610863247
1.0	4.191342718300946
7.0	9.28072766002326
7.0	2.427179426455014
13.0	11.949579495232959
13.0	14.107308831590991
13.0	9.651002661315577
13.0	6.723890030027576
7.0	12.864631375357874
7.0	2.7944105920291866
4.0	3.5533758440348944
1.0	1.951160999376112
7.0	11.20856020438196
10.0	15.32117836490398
13.0	10.09425885636207
1.0	-1.8800338056261716
10.0	15.117777064850781
7.0	7.388058998264166
7.0	5.464902905302583
10.0	8.546099076317766
7.0	7.042616123141014
4.0	4.7960257437257425
7.0	7.979393557695563
13.0	13.377219635527345
7.0	5.4754388405083585
10.0	8.453973974384112
4.0	10.691034794385203
1.0	-0.33309565683665765
1.0	3.237697485389059
4.0	1.4462498059699436
1.0	3.439042665455295
13.0	20.26060141501135
7.0	5.259900095224425
4.0	0.9095573967357389
7.0	7.7883159500001105
13.0	14.933880388529024
10.0	15.426132441608832
4.0	4.186154578117389
13.0	14.075776065636713
7.0	8.018160945080805
7.0	9.207594288528295
13.0	9.843299967677249
4.0	4.052345277548965
10.0	4.266952153285093
10.0	12.623019081246543
4.0	1.7474736991919047
10.0	12.790524915385873
4.0	2.821456694845759
1.0	-0.7236063852324361
4.0	1.4972713549673777
4.0	11.072390001575378
10.0	16.972353065198845
1.0	-7.404187138256097
10.0	11.06489966171295
10.0	10.737558335624426
1.0	0.1294448299527493
4.0	6.280719032887166
1.0	-0.22564793152899387
7.0	8.79404665456394
10.0	11.62933229761794
13.0	14.862802495929827
7.0	4.6789591266223995
13.0	11.6952033442542
4.0	3.912284700069586
1.0	4.502655789452583
13.0	14.002165797871143
10.0	7.487807286243105
4.0	5.498932945911049
13.0	12.715183699052123
10.0	8.17615493668451
13.0	5.60388678094335
4.0	9.039880224234388
4.0	3.763650079002204
13.0	13.698865143472267
10.0	14.202648490802243
1.0	8.36911926219683
13.0	8.758086341617357
10.0	10.679814505316182
10.0	7.685172718122324
13.0	11.20574939568504
4.0	-0.38087297127451514
10.0	9.647292358170334
7.0	5.452298790756186
1.0	-1.918680874004492
13.0	12.953356168834228
1.0	-4.449001997531528
1.0	-2.253507452438117
4.0	3.444125027588715
13.0	16.757045098953043
4.0	2.970380935951977
1.0	0.5142382667109158
10.0	9.610285500934607
1.0	1.0464779862193911
10.0	9.747042692586831
1.0	-0.31171640223828856
7.0	7.6163830513442585
7.0	8.167443681144611
13.0	14.138115390694054
7.0	7.321772253325716
1.0	-2.10338475280659
4.0	-0.001824941831172211
10.0	13.583763371772509
1.0	-1.065313654192951
13.0	11.27857779444166
4.0	4.353249735185501
13.0	9.710144348059213
1.0	0.5141610544240227
13.0	8.884813886470255
1.0	0.5786646314349966
4.0	1.7445805083007668
1.0	4.605755241912744
4.0	5.4393296898398065
10.0	12.34099413951068
1.0	-1.1261445163905264
7.0	4.779718686967108
4.0	7.979313167329019
1.0	2.2716527100731305
13.0	15.783534748122683
7.0	6.151321894378984
1.0	-1.8268212639288102
1.0	4.602939561938383
7.0	9.032219184981617
13.0	20.748652829547474
13.0	10.782808595410579
7.0	6.857040453560623
10.0	5.3013466315971325
10.0	7.385790166954246
4.0	-0.7945547231811867
1.0	-1.2841270900206658
4.0	1.5753813816614342
7.0	5.730810297174571
13.0	14.993055988747557
4.0	8.71318927321305
4.0	5.162393208129962
13.0	11.73571162643594
13.0	8.380973854922168
4.0	3.1166052179427455
13.0	14.125825353527912
13.0	10.56327682260318
1.0	6.634962888673506
10.0	7.5466749205357235
13.0	9.355355713361629
13.0	12.582187045412683
1.0	-2.4201143357462698
10.0	8.958626971995768
10.0	6.441857536945289
10.0	8.039270822636132
10.0	8.787244491767726
13.0	16.25772730638624
7.0	8.681185694704832
4.0	2.9464290921198195
13.0	16.40328209153882
10.0	11.886737923921759
13.0	11.164779000690633
7.0	9.347151611497878
1.0	-2.730029479208551
1.0	7.910459184036954
4.0	6.232615317273185
7.0	5.35763461950121
1.0	-5.223920837943217
13.0	11.363257645842802
10.0	8.974195922716827
13.0	7.451177444061114
10.0	7.4434386786512885
1.0	8.221188930502887
7.0	8.483073399991657
13.0	11.716184503182513
4.0	4.857207233346587
7.0	11.758833348369505
1.0	7.090676674948629
7.0	5.389010187342844
10.0	7.025033841260049
13.0	9.279482257611463
10.0	14.054661488441432
4.0	6.944306292729548
7.0	9.340584542318425
4.0	2.830740865557
13.0	19.032300202522695
7.0	6.417147733140521
7.0	7.628023776373334
1.0	-0.5563685933251856
4.0	2.181075968458421
13.0	18.777159618805243
13.0	12.733999474393
4.0	1.8910128506872863
4.0	1.9191441251271133
7.0	9.196697333495791
7.0	5.585630826605999
13.0	9.614476062256031
10.0	8.997075623187259
13.0	14.463576785949124
7.0	4.834402259613195
13.0	13.950093363127927
7.0	5.185613287538108
10.0	11.192602020385014
1.0	3.065517306372655
4.0	4.31841084205538
