0 0.0004847584204253456
1 0.00047278758504931543
2 0.0004515982693668128
3 0.0004443854498710876
4 0.00044072838022806397
5 0.00044072838022806397
6 0.00044072838022806397
7 0.00044072838022806397
8 0.00044072838022806397
9 0.00044072838022806397
10 0.00044072838022806397
11 0.00044072838022806397
12 0.00044072838022806397
13 0.00044072838022806397
14 0.00044072838022806397
15 0.00044072838022806397
16 0.00044072838022806397
17 0.00044072838022806397
18 0.00044072838022806397
19 0.00044072838022806397
20 0.00044072838022806397
21 0.00044072838022806397
22 0.00044072838022806397
23 0.00044072838022806397
24 0.00044072838022806397
