0 0.0006054475920668705
1 0.0005984480171519755
2 0.0005984480171519755
3 0.0005984480171519755
4 0.0005984480171519755
5 0.0005984480171519755
6 0.0005984480171519755
7 0.0005984480171519755
8 0.0005984480171519755
9 0.0005984480171519755
10 0.0005984480171519755
11 0.0005984480171519755
12 0.0005984480171519755
13 0.0005984480171519755
14 0.0005984480171519755
15 0.0005984480171519755
16 0.0005984480171519755
17 0.0005984480171519755
18 0.0005984480171519755
19 0.0005984480171519755
20 0.0005984480171519755
21 0.0005984480171519755
22 0.0005984480171519755
23 0.0005984480171519755
24 0.0005984480171519755
