0 1.3763763763763763e-06
1 1.3763763763763763e-06
2 1.3763763763763763e-06
3 1.3763763763763763e-06
4 1.3763763763763763e-06
5 1.3763763763763763e-06
6 1.3763763763763763e-06
7 1.3763763763763763e-06
8 1.3763763763763763e-06
9 1.3763763763763763e-06
10 1.3763763763763763e-06
11 1.3763763763763763e-06
12 1.3763763763763763e-06
13 1.3763763763763763e-06
14 1.3763763763763763e-06
15 1.3763763763763763e-06
16 1.3763763763763763e-06
17 1.3763763763763763e-06
18 1.3763763763763763e-06
19 1.3763763763763763e-06
20 1.3763763763763763e-06
21 1.3763763763763763e-06
22 1.3763763763763763e-06
23 1.3763763763763763e-06
24 1.3763763763763763e-06
