0 0.0029987373737373735
1 0.0029987373737373735
2 0.0029987373737373735
3 0.0029987373737373735
4 0.0029987373737373735
5 0.0029987373737373735
6 0.0029987373737373735
7 0.0029987373737373735
8 0.0029987373737373735
9 0.0029987373737373735
10 0.0029987373737373735
11 0.0029987373737373735
12 0.0029987373737373735
13 0.0029987373737373735
14 0.0029987373737373735
15 0.0029987373737373735
16 0.0029987373737373735
17 0.0029987373737373735
18 0.0029987373737373735
19 0.0029987373737373735
20 0.0029987373737373735
21 0.0029987373737373735
22 0.0029987373737373735
23 0.0029987373737373735
24 0.0029987373737373735
