0 0.00305084920559538
1 0.002354068197835801
2 0.002144975153251144
3 0.002101288651205244
4 0.002096282715224903
5 0.002096282715224903
6 0.002096282715224903
7 0.002096282715224903
8 0.002096282715224903
9 0.002096282715224903
10 0.002096282715224903
11 0.002096282715224903
12 0.002096282715224903
13 0.002096282715224903
14 0.002096282715224903
15 0.002096282715224903
16 0.002096282715224903
17 0.002096282715224903
18 0.002096282715224903
19 0.002096282715224903
20 0.002096282715224903
21 0.002096282715224903
22 0.002096282715224903
23 0.002096282715224903
24 0.002096282715224903
