0 0.0031590821797206473
1 0.002884078442921724
2 0.002896886938115207
3 0.002877892082298318
4 0.002877892082298318
5 0.002877892082298318
6 0.002877892082298318
7 0.002877892082298318
8 0.002877892082298318
9 0.002877892082298318
10 0.002877892082298318
11 0.002877892082298318
12 0.002877892082298318
13 0.002877892082298318
14 0.002877892082298318
15 0.002877892082298318
16 0.002877892082298318
17 0.002877892082298318
18 0.002877892082298318
19 0.002877892082298318
20 0.002877892082298318
21 0.002877892082298318
22 0.002877892082298318
23 0.002877892082298318
24 0.002877892082298318
