0 0.0016633923283632711
1 0.0016681449314214416
2 0.0016681449314214416
3 0.0016681449314214416
4 0.0016681449314214416
5 0.0016681449314214416
6 0.0016681449314214416
7 0.0016681449314214416
8 0.0016681449314214416
9 0.0016681449314214416
10 0.0016681449314214416
11 0.0016681449314214416
12 0.0016681449314214416
13 0.0016681449314214416
14 0.0016681449314214416
15 0.0016681449314214416
16 0.0016681449314214416
17 0.0016681449314214416
18 0.0016681449314214416
19 0.0016681449314214416
20 0.0016681449314214416
21 0.0016681449314214416
22 0.0016681449314214416
23 0.0016681449314214416
24 0.0016681449314214416
