0 1.9544979953249082e-05
1 1.5746131469247708e-05
2 1.5557192790338835e-05
3 1.5483411111299958e-05
4 1.5469223682523066e-05
5 1.5469223682523066e-05
6 1.5469223682523066e-05
7 1.5469223682523066e-05
8 1.5469223682523066e-05
9 1.5469223682523066e-05
10 1.5469223682523066e-05
11 1.5469223682523066e-05
12 1.5469223682523066e-05
13 1.5469223682523066e-05
14 1.5469223682523066e-05
15 1.5469223682523066e-05
16 1.5469223682523066e-05
17 1.5469223682523066e-05
18 1.5469223682523066e-05
19 1.5469223682523066e-05
20 1.5469223682523066e-05
21 1.5469223682523066e-05
22 1.5469223682523066e-05
23 1.5469223682523066e-05
24 1.5469223682523066e-05
