0 0.001438075511083762
1 0.0014350558442652959
2 0.0014345818925471925
3 0.0014345818925471925
4 0.0014345818925471925
5 0.0014345818925471925
6 0.0014345818925471925
7 0.0014345818925471925
8 0.0014345818925471925
9 0.0014345818925471925
10 0.0014345818925471925
11 0.0014345818925471925
12 0.0014345818925471925
13 0.0014345818925471925
14 0.0014345818925471925
15 0.0014345818925471925
16 0.0014345818925471925
17 0.0014345818925471925
18 0.0014345818925471925
19 0.0014345818925471925
20 0.0014345818925471925
21 0.0014345818925471925
22 0.0014345818925471925
23 0.0014345818925471925
24 0.0014345818925471925
