0 0.0004268770458265139
1 0.00041941126294211173
2 0.00041941126294211173
3 0.00041941126294211173
4 0.00041941126294211173
5 0.00041941126294211173
6 0.00041941126294211173
7 0.00041941126294211173
8 0.00041941126294211173
9 0.00041941126294211173
10 0.00041941126294211173
11 0.00041941126294211173
12 0.00041941126294211173
13 0.00041941126294211173
14 0.00041941126294211173
15 0.00041941126294211173
16 0.00041941126294211173
17 0.00041941126294211173
18 0.00041941126294211173
19 0.00041941126294211173
20 0.00041941126294211173
21 0.00041941126294211173
22 0.00041941126294211173
23 0.00041941126294211173
24 0.00041941126294211173
