0 0.0004433423068333421
1 0.0004468905763520094
2 0.00044729574968404933
3 0.00044729574968404933
4 0.00044729574968404933
5 0.00044729574968404933
6 0.00044729574968404933
7 0.00044729574968404933
8 0.00044729574968404933
9 0.00044729574968404933
10 0.00044729574968404933
11 0.00044729574968404933
12 0.00044729574968404933
13 0.00044729574968404933
14 0.00044729574968404933
15 0.00044729574968404933
16 0.00044729574968404933
17 0.00044729574968404933
18 0.00044729574968404933
19 0.00044729574968404933
20 0.00044729574968404933
21 0.00044729574968404933
22 0.00044729574968404933
23 0.00044729574968404933
24 0.00044729574968404933
