0 0.009497552111872075
1 0.0077092973198110695
2 0.008506387410437355
3 0.008506387410437355
4 0.008506387410437355
5 0.008506387410437355
6 0.008506387410437355
7 0.008506387410437355
8 0.008506387410437355
9 0.008506387410437355
10 0.008506387410437355
11 0.008506387410437355
12 0.008506387410437355
13 0.008506387410437355
14 0.008506387410437355
15 0.008506387410437355
16 0.008506387410437355
17 0.008506387410437355
18 0.008506387410437355
19 0.008506387410437355
20 0.008506387410437355
21 0.008506387410437355
22 0.008506387410437355
23 0.008506387410437355
24 0.008506387410437355
