0 5.310861468664474e-05
1 5.117105432082621e-05
2 5.0922530429879996e-05
3 5.0922530429879996e-05
4 5.0922530429879996e-05
5 5.0922530429879996e-05
6 5.0922530429879996e-05
7 5.0922530429879996e-05
8 5.0922530429879996e-05
9 5.0922530429879996e-05
10 5.0922530429879996e-05
11 5.0922530429879996e-05
12 5.0922530429879996e-05
13 5.0922530429879996e-05
14 5.0922530429879996e-05
15 5.0922530429879996e-05
16 5.0922530429879996e-05
17 5.0922530429879996e-05
18 5.0922530429879996e-05
19 5.0922530429879996e-05
20 5.0922530429879996e-05
21 5.0922530429879996e-05
22 5.0922530429879996e-05
23 5.0922530429879996e-05
24 5.0922530429879996e-05
