0 0.00016584346903256178
1 0.00016788412202083016
2 0.00016788412202083016
3 0.00016788412202083016
4 0.00016788412202083016
5 0.00016788412202083016
6 0.00016788412202083016
7 0.00016788412202083016
8 0.00016788412202083016
9 0.00016788412202083016
10 0.00016788412202083016
11 0.00016788412202083016
12 0.00016788412202083016
13 0.00016788412202083016
14 0.00016788412202083016
15 0.00016788412202083016
16 0.00016788412202083016
17 0.00016788412202083016
18 0.00016788412202083016
19 0.00016788412202083016
20 0.00016788412202083016
21 0.00016788412202083016
22 0.00016788412202083016
23 0.00016788412202083016
24 0.00016788412202083016
