0 3.6113225711094195e-05
1 3.6179436943768155e-05
2 3.6179436943768155e-05
3 3.6179436943768155e-05
4 3.6179436943768155e-05
5 3.6179436943768155e-05
6 3.6179436943768155e-05
7 3.6179436943768155e-05
8 3.6179436943768155e-05
9 3.6179436943768155e-05
10 3.6179436943768155e-05
11 3.6179436943768155e-05
12 3.6179436943768155e-05
13 3.6179436943768155e-05
14 3.6179436943768155e-05
15 3.6179436943768155e-05
16 3.6179436943768155e-05
17 3.6179436943768155e-05
18 3.6179436943768155e-05
19 3.6179436943768155e-05
20 3.6179436943768155e-05
21 3.6179436943768155e-05
22 3.6179436943768155e-05
23 3.6179436943768155e-05
24 3.6179436943768155e-05
