0 0.004339923243723578
1 0.004307368984933278
2 0.004316116808681668
3 0.004316116808681668
4 0.004316116808681668
5 0.004316116808681668
6 0.004316116808681668
7 0.004316116808681668
8 0.004316116808681668
9 0.004316116808681668
10 0.004316116808681668
11 0.004316116808681668
12 0.004316116808681668
13 0.004316116808681668
14 0.004316116808681668
15 0.004316116808681668
16 0.004316116808681668
17 0.004316116808681668
18 0.004316116808681668
19 0.004316116808681668
20 0.004316116808681668
21 0.004316116808681668
22 0.004316116808681668
23 0.004316116808681668
24 0.004316116808681668
