0 6.647222900826456e-05
1 6.614953169919768e-05
2 6.614953169919768e-05
3 6.614953169919768e-05
4 6.614953169919768e-05
5 6.614953169919768e-05
6 6.614953169919768e-05
7 6.614953169919768e-05
8 6.614953169919768e-05
9 6.614953169919768e-05
10 6.614953169919768e-05
11 6.614953169919768e-05
12 6.614953169919768e-05
13 6.614953169919768e-05
14 6.614953169919768e-05
15 6.614953169919768e-05
16 6.614953169919768e-05
17 6.614953169919768e-05
18 6.614953169919768e-05
19 6.614953169919768e-05
20 6.614953169919768e-05
21 6.614953169919768e-05
22 6.614953169919768e-05
23 6.614953169919768e-05
24 6.614953169919768e-05
