0 0.00043818119794303306
1 0.0004317226717749726
2 0.0004317226717749726
3 0.0004317226717749726
4 0.0004317226717749726
5 0.0004317226717749726
6 0.0004317226717749726
7 0.0004317226717749726
8 0.0004317226717749726
9 0.0004317226717749726
10 0.0004317226717749726
11 0.0004317226717749726
12 0.0004317226717749726
13 0.0004317226717749726
14 0.0004317226717749726
15 0.0004317226717749726
16 0.0004317226717749726
17 0.0004317226717749726
18 0.0004317226717749726
19 0.0004317226717749726
20 0.0004317226717749726
21 0.0004317226717749726
22 0.0004317226717749726
23 0.0004317226717749726
24 0.0004317226717749726
