0 0.00012248156644884749
1 0.00011916654578725968
2 0.00011916654578725968
3 0.00011916654578725968
4 0.00011916654578725968
5 0.00011916654578725968
6 0.00011916654578725968
7 0.00011916654578725968
8 0.00011916654578725968
9 0.00011916654578725968
10 0.00011916654578725968
11 0.00011916654578725968
12 0.00011916654578725968
13 0.00011916654578725968
14 0.00011916654578725968
15 0.00011916654578725968
16 0.00011916654578725968
17 0.00011916654578725968
18 0.00011916654578725968
19 0.00011916654578725968
20 0.00011916654578725968
21 0.00011916654578725968
22 0.00011916654578725968
23 0.00011916654578725968
24 0.00011916654578725968
