0 4.692192192192192e-05
1 4.692192192192192e-05
2 4.692192192192192e-05
3 4.692192192192192e-05
4 4.692192192192192e-05
5 4.692192192192192e-05
6 4.692192192192192e-05
7 4.692192192192192e-05
8 4.692192192192192e-05
9 4.692192192192192e-05
10 4.692192192192192e-05
11 4.692192192192192e-05
12 4.692192192192192e-05
13 4.692192192192192e-05
14 4.692192192192192e-05
15 4.692192192192192e-05
16 4.692192192192192e-05
17 4.692192192192192e-05
18 4.692192192192192e-05
19 4.692192192192192e-05
20 4.692192192192192e-05
21 4.692192192192192e-05
22 4.692192192192192e-05
23 4.692192192192192e-05
24 4.692192192192192e-05
