0 0.00010801743943191312
1 0.00010864354158445148
2 0.00010864354158445148
3 0.00010864354158445148
4 0.00010864354158445148
5 0.00010864354158445148
6 0.00010864354158445148
7 0.00010864354158445148
8 0.00010864354158445148
9 0.00010864354158445148
10 0.00010864354158445148
11 0.00010864354158445148
12 0.00010864354158445148
13 0.00010864354158445148
14 0.00010864354158445148
15 0.00010864354158445148
16 0.00010864354158445148
17 0.00010864354158445148
18 0.00010864354158445148
19 0.00010864354158445148
20 0.00010864354158445148
21 0.00010864354158445148
22 0.00010864354158445148
23 0.00010864354158445148
24 0.00010864354158445148
