0 0.0026244212550102603
1 0.0026659492809904812
2 0.002588446206082286
3 0.002588446206082286
4 0.002588446206082286
5 0.002588446206082286
6 0.002588446206082286
7 0.002588446206082286
8 0.002588446206082286
9 0.002588446206082286
10 0.002588446206082286
11 0.002588446206082286
12 0.002588446206082286
13 0.002588446206082286
14 0.002588446206082286
15 0.002588446206082286
16 0.002588446206082286
17 0.002588446206082286
18 0.002588446206082286
19 0.002588446206082286
20 0.002588446206082286
21 0.002588446206082286
22 0.002588446206082286
23 0.002588446206082286
24 0.002588446206082286
