0 5.2319368328514334e-05
1 5.2280786589297224e-05
2 5.2280786589297224e-05
3 5.2280786589297224e-05
4 5.2280786589297224e-05
5 5.2280786589297224e-05
6 5.2280786589297224e-05
7 5.2280786589297224e-05
8 5.2280786589297224e-05
9 5.2280786589297224e-05
10 5.2280786589297224e-05
11 5.2280786589297224e-05
12 5.2280786589297224e-05
13 5.2280786589297224e-05
14 5.2280786589297224e-05
15 5.2280786589297224e-05
16 5.2280786589297224e-05
17 5.2280786589297224e-05
18 5.2280786589297224e-05
19 5.2280786589297224e-05
20 5.2280786589297224e-05
21 5.2280786589297224e-05
22 5.2280786589297224e-05
23 5.2280786589297224e-05
24 5.2280786589297224e-05
