0 3.156312625250501e-05
1 3.156629554655871e-05
2 3.156629554655871e-05
3 3.156629554655871e-05
4 3.156629554655871e-05
5 3.156629554655871e-05
6 3.156629554655871e-05
7 3.156629554655871e-05
8 3.156629554655871e-05
9 3.156629554655871e-05
10 3.156629554655871e-05
11 3.156629554655871e-05
12 3.156629554655871e-05
13 3.156629554655871e-05
14 3.156629554655871e-05
15 3.156629554655871e-05
16 3.156629554655871e-05
17 3.156629554655871e-05
18 3.156629554655871e-05
19 3.156629554655871e-05
20 3.156629554655871e-05
21 3.156629554655871e-05
22 3.156629554655871e-05
23 3.156629554655871e-05
24 3.156629554655871e-05
