0 7.882882882882883e-06
1 7.882882882882883e-06
2 7.882882882882883e-06
3 7.882882882882883e-06
4 7.882882882882883e-06
5 7.882882882882883e-06
6 7.882882882882883e-06
7 7.882882882882883e-06
8 7.882882882882883e-06
9 7.882882882882883e-06
10 7.882882882882883e-06
11 7.882882882882883e-06
12 7.882882882882883e-06
13 7.882882882882883e-06
14 7.882882882882883e-06
15 7.882882882882883e-06
16 7.882882882882883e-06
17 7.882882882882883e-06
18 7.882882882882883e-06
19 7.882882882882883e-06
20 7.882882882882883e-06
21 7.882882882882883e-06
22 7.882882882882883e-06
23 7.882882882882883e-06
24 7.882882882882883e-06
