0 1.2851394693065628e-05
1 1.254858851573894e-05
2 1.254858851573894e-05
3 1.254858851573894e-05
4 1.254858851573894e-05
5 1.254858851573894e-05
6 1.254858851573894e-05
7 1.254858851573894e-05
8 1.254858851573894e-05
9 1.254858851573894e-05
10 1.254858851573894e-05
11 1.254858851573894e-05
12 1.254858851573894e-05
13 1.254858851573894e-05
14 1.254858851573894e-05
15 1.254858851573894e-05
16 1.254858851573894e-05
17 1.254858851573894e-05
18 1.254858851573894e-05
19 1.254858851573894e-05
20 1.254858851573894e-05
21 1.254858851573894e-05
22 1.254858851573894e-05
23 1.254858851573894e-05
24 1.254858851573894e-05
