0 0.0007092433368838118
1 0.0007092433368838118
2 0.0007092433368838118
3 0.0007092433368838118
4 0.0007092433368838118
5 0.0007092433368838118
6 0.0007092433368838118
7 0.0007092433368838118
8 0.0007092433368838118
9 0.0007092433368838118
10 0.0007092433368838118
11 0.0007092433368838118
12 0.0007092433368838118
13 0.0007092433368838118
14 0.0007092433368838118
15 0.0007092433368838118
16 0.0007092433368838118
17 0.0007092433368838118
18 0.0007092433368838118
19 0.0007092433368838118
20 0.0007092433368838118
21 0.0007092433368838118
22 0.0007092433368838118
23 0.0007092433368838118
24 0.0007092433368838118
