0 5.528428753872619e-06
1 5.544892516566995e-06
2 5.544892516566995e-06
3 5.544892516566995e-06
4 5.544892516566995e-06
5 5.544892516566995e-06
6 5.544892516566995e-06
7 5.544892516566995e-06
8 5.544892516566995e-06
9 5.544892516566995e-06
10 5.544892516566995e-06
11 5.544892516566995e-06
12 5.544892516566995e-06
13 5.544892516566995e-06
14 5.544892516566995e-06
15 5.544892516566995e-06
16 5.544892516566995e-06
17 5.544892516566995e-06
18 5.544892516566995e-06
19 5.544892516566995e-06
20 5.544892516566995e-06
21 5.544892516566995e-06
22 5.544892516566995e-06
23 5.544892516566995e-06
24 5.544892516566995e-06
