0 0.0003765503462198212
1 0.0003242415345187431
2 0.00032125075595561904
3 0.00032125075595561904
4 0.00032125075595561904
5 0.00032125075595561904
6 0.00032125075595561904
7 0.00032125075595561904
8 0.00032125075595561904
9 0.00032125075595561904
10 0.00032125075595561904
11 0.00032125075595561904
12 0.00032125075595561904
13 0.00032125075595561904
14 0.00032125075595561904
15 0.00032125075595561904
16 0.00032125075595561904
17 0.00032125075595561904
18 0.00032125075595561904
19 0.00032125075595561904
20 0.00032125075595561904
21 0.00032125075595561904
22 0.00032125075595561904
23 0.00032125075595561904
24 0.00032125075595561904
