0 7.14902533345027e-05
1 7.14902533345027e-05
2 7.14902533345027e-05
3 7.14902533345027e-05
4 7.14902533345027e-05
5 7.14902533345027e-05
6 7.14902533345027e-05
7 7.14902533345027e-05
8 7.14902533345027e-05
9 7.14902533345027e-05
10 7.14902533345027e-05
11 7.14902533345027e-05
12 7.14902533345027e-05
13 7.14902533345027e-05
14 7.14902533345027e-05
15 7.14902533345027e-05
16 7.14902533345027e-05
17 7.14902533345027e-05
18 7.14902533345027e-05
19 7.14902533345027e-05
20 7.14902533345027e-05
21 7.14902533345027e-05
22 7.14902533345027e-05
23 7.14902533345027e-05
24 7.14902533345027e-05
