3 0.5681212444459484 
4 0.5070120587062322 
5 0.4562886106296426 
6 0.46829774364169663 
7 0.495025743810487 
8 0.49718085767851194 
9 0.5267798030294862 
10 0.5522079185436174 
11 0.5833313281779884 
12 0.5885659843112825 
13 0.6062211558784198 
14 0.6352578880416806 
15 0.635705049326854 
16 0.668304940203017 
17 0.6412959236783191 
18 0.6426888426308001 
19 0.6398926600493962 
20 0.656086691154435 
21 0.6521486061904213 
22 0.6531277628256833 
23 0.660414332808763 
24 0.6606357104082131 
25 0.6584149003338711 
26 0.6753277791915063 
27 0.6679177889262614 
28 0.6765823196314542 
29 0.6745967663556514 
