Gaussian Generator(1.0): mean=1.0,stDev=1.0
Gaussian Generator(4.0): mean=4.0,stDev=1.0
Gaussian Generator(7.0): mean=7.0,stDev=1.0
Gaussian Generator(10.0): mean=10.0,stDev=1.0
Gaussian Generator(13.0): mean=13.0,stDev=1.0
10.0	9.75427381418224
10.0	10.113815223246029
7.0	7.847937365825687
13.0	14.84742572061448
4.0	3.7356489609378336
10.0	10.584961898859714
10.0	8.208393287660275
13.0	12.884763154459428
7.0	6.845214709575979
1.0	-0.3889811077447638
1.0	1.7982618244790651
1.0	2.6684822425377965
4.0	3.0726295107684347
1.0	0.6499930215009814
7.0	5.660985659400025
10.0	11.41506675119721
10.0	8.918144027939613
4.0	3.6898557791933686
10.0	9.043390794275904
10.0	10.81413174887757
4.0	3.626479820712201
7.0	6.712797419467484
4.0	2.7213811179818554
7.0	6.718812139819067
13.0	14.331573537999134
10.0	10.834040923751973
10.0	9.481791371734875
10.0	10.758959788280587
10.0	10.252779887897866
4.0	3.2248598005406652
4.0	3.0217393907140098
13.0	13.456492794397954
1.0	0.6875617998093059
10.0	9.927161878092646
1.0	1.5945885133661442
1.0	1.3333592539910317
10.0	8.9181188917646
4.0	4.161046188608289
10.0	9.202493856210824
13.0	14.37074167208951
4.0	3.711496690170394
13.0	14.773659232143483
10.0	9.912158773887235
1.0	1.5144776434251068
4.0	3.3624149372552217
10.0	12.100058059873394
4.0	4.596216199183987
7.0	9.28989875548585
13.0	12.600147734254916
4.0	5.507077458305151
1.0	2.2015903596539146
13.0	12.558295680615355
1.0	0.9958514153349347
1.0	-0.2240644434318273
1.0	1.203394827074438
13.0	11.68622296493988
7.0	8.333497579000717
10.0	9.822085681532393
10.0	8.013160842666288
13.0	14.441770130035747
13.0	13.106778730349943
13.0	13.973745562314932
10.0	10.271706456913185
7.0	6.313285030414107
1.0	0.7341713910725522
1.0	2.0351820510476464
4.0	2.8749060797630586
10.0	9.488736182350843
7.0	8.950214601175144
1.0	0.42729108419203354
7.0	8.995711040958614
10.0	9.734396938418438
10.0	11.052258986135994
7.0	5.594847856640345
4.0	3.8046684552511274
4.0	4.132909226409607
1.0	-0.0860464106442429
10.0	9.400456129116188
10.0	9.593645635790576
10.0	9.586628296432965
1.0	2.064654396103178
7.0	7.9970015173862175
1.0	-1.7720014077965485
7.0	7.198950792546039
4.0	3.0685112211051724
7.0	6.5161857801321315
4.0	4.102866783801324
13.0	10.503468717151977
1.0	2.5353550342625475
7.0	6.139282352149259
4.0	4.800709677064388
1.0	1.2459385846397364
7.0	6.529702228128302
7.0	6.9467836820573226
7.0	6.243750978110249
4.0	5.025472690422622
10.0	9.723425516134993
1.0	0.27376736466026297
7.0	6.333731429230468
7.0	7.174403684993889
13.0	12.62039077513401
13.0	13.750349928598457
10.0	8.503923841189343
1.0	-1.0368161214802316
1.0	-1.243687889540519
10.0	9.691450285945338
13.0	13.216205027465815
13.0	12.711770337567001
4.0	4.277227394728167
7.0	4.513664340179222
4.0	4.338660540355826
13.0	13.584361737384583
1.0	0.45755226714853114
10.0	8.985769436822283
13.0	13.294422662478679
4.0	4.342954467206355
10.0	9.322564999703758
4.0	4.717326977765679
1.0	0.40096977812997625
13.0	11.584086714740595
1.0	-0.34013049357836844
7.0	6.439841335824979
7.0	5.666777733785469
1.0	2.7558163452821285
10.0	9.903863820283302
13.0	13.995398176491806
4.0	1.7709306896074124
7.0	6.493936696056022
13.0	13.426417863642772
10.0	9.913294032432319
13.0	12.198672084586338
10.0	9.59583645606889
13.0	11.80087681133747
13.0	11.609660525843099
13.0	12.419757729684479
7.0	8.127416369067593
10.0	10.325124610698259
1.0	2.0340544068644553
13.0	11.830757928340011
4.0	4.9228955593500245
10.0	9.53166166673746
13.0	12.257331826673903
13.0	12.050019905790277
10.0	10.923308663035746
7.0	8.200862971895848
7.0	6.471852958543503
10.0	10.673872518069507
10.0	9.661826261800737
10.0	10.86027699842993
1.0	0.5449011750555355
13.0	12.227879567718007
1.0	2.256930779066526
4.0	4.710276980281105
1.0	0.7149713653516112
7.0	7.617696649751354
13.0	13.472668345514162
1.0	1.4574271728189327
4.0	4.308888837499212
10.0	11.028184254944062
7.0	6.5775891533731485
1.0	1.1740935633689111
10.0	10.975874240177554
1.0	2.678307861588766
13.0	12.463853742495283
7.0	6.854524467375338
13.0	12.328879006096631
10.0	9.892078348967352
7.0	7.196113753709856
10.0	9.889477981177654
7.0	6.414299046478495
13.0	12.855440136603361
13.0	13.783998890785883
7.0	5.783865147514423
4.0	4.4905690022164215
1.0	1.3278023060993323
1.0	1.9756328904077372
4.0	3.640876681002703
10.0	9.498850838516379
4.0	3.311185598809953
13.0	14.050820145270967
4.0	2.226310786989245
13.0	13.761426890161127
4.0	4.425913344592363
7.0	5.596924380818455
1.0	1.8394852802436952
13.0	14.644746455903167
7.0	7.219786957525298
7.0	5.492425008174331
7.0	5.791210856924179
13.0	13.01069101193796
13.0	13.086985487535774
1.0	3.3362845279766864
4.0	3.773308336495931
1.0	0.4385448332043035
4.0	4.1202607801986515
7.0	6.1756061711023005
13.0	13.844127956788967
1.0	0.5551782987402041
7.0	7.697780994508971
4.0	4.537408406108572
1.0	-0.7157035935272589
4.0	3.909618398293576
10.0	9.562553478615287
7.0	6.500654539138713
13.0	12.395115398032239
1.0	1.1712945907394834
4.0	4.434395615627346
13.0	12.083401534248408
10.0	10.22445414054583
13.0	13.996536816914086
1.0	2.0128874701359543
4.0	2.8578997011974794
7.0	5.5792474342475264
13.0	10.827087840748035
1.0	1.7108308475183307
4.0	4.479986409810307
10.0	8.204227802310166
7.0	5.819656247715525
1.0	0.774546344812031
10.0	9.565702079309052
7.0	5.848014884557552
4.0	3.0276841852770806
4.0	3.8915734032627616
1.0	2.008079482328074
7.0	8.785782960472583
13.0	13.624411426352973
1.0	-0.1298985698442625
13.0	14.379894826334121
1.0	1.0575986258250125
10.0	9.59864967682337
7.0	7.378802648276955
1.0	0.3595527163302453
13.0	13.057374113907503
4.0	2.8096513114964243
10.0	11.295791781861123
1.0	1.700927738680921
4.0	4.996412618108803
7.0	6.383507196264631
13.0	11.87809532747323
13.0	14.067275570362876
1.0	2.1866843429510427
4.0	2.944940405866161
13.0	11.931045015525868
13.0	14.343119829745314
4.0	4.530569811387536
13.0	14.471476562371723
10.0	9.419982858205895
1.0	-0.8156104859380917
13.0	12.864812066015046
10.0	10.70461765584162
13.0	12.156551626993435
13.0	14.379865382792431
10.0	8.997137708829193
4.0	4.877143902439446
10.0	10.833184300954091
13.0	13.351571910347669
4.0	2.6712677437043015
1.0	0.10189594031058569
10.0	8.103906558841537
4.0	3.9738058947049577
1.0	0.2857741743783585
7.0	7.0662408403538075
4.0	4.246638132602813
1.0	1.4610270437177293
10.0	11.491819014558436
10.0	13.093558634798224
13.0	11.923172426393016
13.0	11.89858917015064
7.0	7.2816919516977165
1.0	1.8759446357346334
7.0	6.46451834843189
13.0	11.950188364657736
10.0	9.727274247025909
13.0	13.179433048432939
1.0	2.406582150361925
10.0	8.63164933002223
4.0	4.146445156242102
4.0	2.9325704287457195
13.0	13.084546097695037
10.0	9.588697130526297
4.0	4.629828977542196
1.0	1.5197091517204142
4.0	3.322209850196821
4.0	3.8389923230416523
10.0	9.200627784277982
10.0	9.21764728617784
7.0	8.30941250072905
4.0	5.6379552290854305
10.0	9.60965874381893
13.0	13.13204895533388
7.0	8.054422588234571
1.0	1.2039221442792087
4.0	5.692070452317956
13.0	14.072527139139979
4.0	3.8756423956844985
13.0	12.558292396081477
4.0	6.009618436538087
1.0	0.5747071796346017
10.0	7.637056809353929
13.0	13.092330728750174
13.0	12.384352668692317
10.0	8.74110169551675
4.0	2.438080268562569
7.0	6.32326143533705
1.0	3.089597842009778
10.0	9.981523382654261
10.0	9.710281328377581
4.0	1.830210540213593
1.0	0.5832997708275838
7.0	6.58765823472049
10.0	9.209322092802031
10.0	10.642851343021851
1.0	1.6284392423682181
4.0	3.8057583134604593
10.0	9.524150819369352
4.0	3.59565774295707
13.0	13.623193952249776
13.0	13.17122906990133
4.0	3.6998348624466657
7.0	7.341932782879781
7.0	6.224967596102079
13.0	12.194323002723946
13.0	12.337194017079161
10.0	11.59781228941141
1.0	1.8520911975434835
7.0	8.367925588173414
13.0	12.634225336332133
10.0	7.665690891551421
7.0	6.97637690693014
7.0	7.141240826441706
4.0	3.680261910798501
4.0	5.237225259245902
13.0	11.70964562258027
7.0	6.354664129574323
10.0	9.816944439063807
4.0	4.394115691888078
4.0	4.718575778346382
7.0	7.450266719424331
10.0	10.928523225783628
13.0	13.747444998494439
4.0	3.776070962117334
7.0	5.423051418128269
7.0	7.93404128691911
7.0	6.842190345593872
7.0	6.9489851664446105
7.0	6.520825059730212
1.0	2.731576621115793
13.0	15.161468542819136
1.0	2.0231119743823216
7.0	7.550580444356367
7.0	6.643112301102294
4.0	4.724424413785322
13.0	13.871665028427158
7.0	8.377101011675963
1.0	-0.23487238037057478
1.0	1.6559097265096434
4.0	4.1174789144024535
13.0	12.346651490310524
13.0	13.600285758034339
7.0	7.227728451281339
10.0	11.256853507893133
7.0	6.1041917796281995
4.0	3.207550064532323
10.0	10.335200840409794
1.0	0.41171496996689316
4.0	1.431239664175615
1.0	0.7880132458402026
10.0	9.814269496572544
7.0	8.322598207687093
13.0	11.873387321927076
10.0	9.051757066159404
13.0	11.641323403041065
1.0	3.1297440188077332
1.0	1.0114929168920959
4.0	3.0673962458015396
10.0	9.438747480184736
7.0	7.2872568921857885
7.0	6.173924613225133
1.0	1.040626914148751
10.0	11.144572104648276
4.0	4.5619104171788525
4.0	5.031685515301957
7.0	8.178518893865144
10.0	10.983504191539847
1.0	1.2726974890046312
7.0	7.509516261053493
13.0	13.05459814925391
10.0	10.524094418730861
4.0	3.7158423242267826
13.0	12.98578195807547
10.0	9.0162382921051
4.0	3.9384996936905474
4.0	4.886355301895696
10.0	10.48904155496163
1.0	1.6386804723079287
4.0	2.6318519844788266
13.0	11.799719049368804
7.0	8.58628977894724
10.0	10.552582223038728
10.0	11.776338614323805
7.0	7.036417971482563
10.0	10.27066333570936
13.0	13.05445278280979
13.0	12.941741598513442
7.0	6.410829463673711
1.0	0.7109584014496142
10.0	10.251915161866537
13.0	14.066206217086977
13.0	14.960235596779714
10.0	9.460429892361049
7.0	6.559387430390796
4.0	3.452510281462189
10.0	10.437939042780338
1.0	1.2780644645258254
4.0	3.656580036973415
1.0	-0.11242650268227017
1.0	1.3680477326181535
4.0	4.715298268921262
7.0	8.074565055687106
4.0	3.734631322264022
1.0	0.7190913948720206
1.0	2.1333161790362922
7.0	4.70154464026274
4.0	5.041857816634715
13.0	11.966551287123341
13.0	14.281236933244424
10.0	8.9461816173415
1.0	2.2201585245184576
4.0	4.494956337307838
7.0	6.04584256473033
13.0	12.396358366620316
4.0	3.8048323750943704
1.0	-0.7331259367377845
1.0	1.813333533028481
1.0	0.672849215724382
13.0	13.612564235770567
1.0	0.6306193312875474
7.0	7.706562360276184
4.0	4.146207044703213
13.0	12.697784894107631
7.0	6.591045796480124
13.0	13.176548559738935
7.0	8.030218474235937
10.0	7.848642920536762
1.0	3.142484140212141
1.0	1.8033907363434765
7.0	7.075818871879325
7.0	8.754243622963344
4.0	4.86257524811293
1.0	0.6708576102989068
7.0	5.779257839616526
7.0	5.776044532516511
4.0	4.11583653604194
10.0	9.042756904326742
4.0	5.511171094709599
10.0	10.466087223203703
1.0	1.3927434504288414
7.0	7.36478558392461
4.0	4.353256889541866
13.0	11.381664515711215
10.0	10.906550206118327
1.0	2.0985758188471335
4.0	2.681743132769067
4.0	2.864734033024343
4.0	3.8757207857405036
4.0	4.71388362557778
1.0	-0.6939929338540851
7.0	7.635805680866821
4.0	4.358079650278124
10.0	9.254236090537336
7.0	5.834177501689347
4.0	5.86001981123338
1.0	0.7887592771605679
1.0	0.9653095347945497
7.0	6.54452543681163
7.0	5.512257697482272
1.0	1.342458757070001
7.0	7.757019750722142
4.0	5.5962671591420134
13.0	12.470168151549908
7.0	7.402623458931398
13.0	12.775938523020384
13.0	11.555707773073165
10.0	10.670236985728689
1.0	0.4006830646431364
13.0	14.242151339548023
4.0	5.677604173135274
10.0	9.111448559917315
4.0	2.5030131677720755
4.0	2.278304509002777
1.0	3.1604926810185194
1.0	1.4877506297441978
10.0	10.33794229673541
10.0	11.863155951942163
10.0	7.806451833363216
1.0	0.16741504556171394
1.0	0.12165125918233843
7.0	8.206260744141556
1.0	-1.5131883814944307
13.0	12.391868038271438
10.0	9.780250656166587
7.0	8.15542645619913
13.0	15.839456435080985
10.0	10.69904756772376
7.0	7.813782470721758
7.0	7.23246163674781
4.0	3.457109925734579
4.0	6.1003800175764935
4.0	3.156685974506743
1.0	1.0787538478716638
13.0	12.372122558938006
10.0	9.119058798224554
7.0	7.661510234624454
4.0	4.554906722995637
10.0	10.10309539156154
4.0	5.577844891568658
1.0	2.7130540068728113
7.0	7.013115287069235
10.0	10.811193839782337
13.0	11.862249263675814
10.0	8.299909478504727
1.0	-0.10710009700931855
10.0	10.610390985081922
7.0	6.898933645015093
13.0	12.649998921903375
1.0	0.4238372391220737
7.0	7.685709908623045
4.0	5.537963340081444
1.0	0.4141894401636169
7.0	7.462667880487267
1.0	0.9560057211596831
4.0	3.996937917738105
1.0	1.2035249628577067
4.0	2.9971189909510034
7.0	6.740234420187135
1.0	0.7587935074686074
4.0	3.7297267202729554
1.0	0.6171389407420189
7.0	7.155021438151542
7.0	8.21006164992874
1.0	1.8707583243200419
13.0	13.29052552447703
1.0	1.7935691431652083
1.0	0.33298086905313196
10.0	10.674312454091842
10.0	8.755105694034697
4.0	4.617951955615811
13.0	13.70879492554689
7.0	6.0858980291628955
4.0	3.896954736296507
10.0	8.065606868499907
1.0	0.9913387350522286
1.0	0.2368937781669863
13.0	13.32794568345208
1.0	-0.6799159636531411
10.0	10.209476201808416
4.0	4.694865227133917
10.0	9.935763202531579
1.0	1.190446145693341
13.0	13.583169695680708
13.0	13.446751273464415
10.0	8.773822020311956
13.0	12.917278102768039
10.0	10.047672654330116
10.0	10.45621160769277
7.0	6.024150986009899
10.0	9.91861560388728
4.0	3.218549692506305
10.0	10.728631700329874
10.0	10.693937765447162
1.0	1.0273715578807954
13.0	13.442847164430534
4.0	2.8657008885247603
4.0	4.266482432680997
13.0	11.958909794864846
4.0	3.019179383748421
13.0	12.28951434106203
10.0	9.67711625944861
4.0	2.5884589427919087
4.0	3.5825236421604476
7.0	6.846443255197123
10.0	11.239489416555037
4.0	2.8565927643160283
13.0	12.971511409873305
7.0	5.7500173534879
4.0	3.288905139842722
1.0	2.545109927538966
1.0	-0.7318399729767187
7.0	6.706379190756662
10.0	9.553210777610945
13.0	11.608158625844002
7.0	8.409702637893748
13.0	13.101236720842026
10.0	10.320782891515423
4.0	2.8780789626101178
13.0	12.806994979835359
1.0	0.9726402048589268
4.0	0.9951549902124586
4.0	3.473221518892896
4.0	4.329531353138419
10.0	8.335215657625506
10.0	9.536425306464752
13.0	13.81966052899174
1.0	0.7887859758471881
1.0	0.49059909736678897
7.0	6.280709813940116
4.0	4.463788165721477
13.0	13.542582195996681
1.0	-0.49492239896469137
1.0	-0.10665095337442265
4.0	4.355804080435443
4.0	2.7649163045111163
1.0	-0.11627222489731182
10.0	10.442072137497101
4.0	2.8222503529801966
4.0	2.8352193330802558
13.0	11.23083263557418
10.0	9.948466487216088
1.0	1.0867650035157526
7.0	6.103225678412246
4.0	2.7601771871464433
10.0	10.400040589109015
10.0	9.687640786278132
10.0	9.505717295394536
4.0	3.779830001485961
7.0	5.99335995836734
13.0	12.30151675590817
1.0	1.6532444507128927
1.0	1.9400013263138267
4.0	4.89063679227993
10.0	10.6385282906211
13.0	14.17368718306171
1.0	1.1294285045911117
7.0	7.596197557643833
10.0	9.038368882555318
4.0	4.213417014222673
10.0	10.781589418830421
7.0	7.837781001188177
4.0	4.1460080586043055
7.0	7.211031893467597
13.0	11.034465286446514
1.0	0.21948618906816053
10.0	10.762763023065071
7.0	7.589530224051709
7.0	8.600738986550766
4.0	3.371709531966842
10.0	10.537648328924305
4.0	4.057554400316746
10.0	8.327138360147945
10.0	10.293966418607829
13.0	13.453143927951567
7.0	7.04196610617834
7.0	6.365235833505422
13.0	11.41880915250943
4.0	4.583539369364886
7.0	7.519591198291348
1.0	1.179415828617382
13.0	11.147872649801359
13.0	12.508402567395535
13.0	12.070145213484087
7.0	7.087033011566406
1.0	0.1750450763165815
13.0	11.002977712430454
1.0	1.9128134586762426
13.0	12.965657168740789
4.0	4.739461671716142
13.0	13.066570104011
10.0	9.57030866069775
4.0	3.7108564045083483
13.0	12.578592603825012
1.0	0.6725713787459833
1.0	2.795173930026592
7.0	6.153371908166574
1.0	2.9619177576193385
4.0	3.8485687729092377
7.0	7.231424538447335
7.0	6.846645642633896
10.0	11.061688292197767
1.0	0.020430192661527125
10.0	8.629889145607233
10.0	10.544442488807812
7.0	6.4161554670761065
10.0	9.924393516781942
7.0	7.63112066027746
7.0	6.304811924175098
1.0	2.688842732032781
7.0	6.787320646195013
10.0	8.210835767811673
7.0	8.38718533689013
7.0	8.125218103107166
7.0	6.981051407766306
13.0	12.657758716113909
13.0	14.095205250295395
7.0	5.828075295378869
13.0	14.716328564979014
1.0	1.5809763922653262
13.0	13.582486012610023
1.0	-1.0778667445143393
1.0	1.798192079646996
10.0	11.440500828236686
7.0	7.281074889792963
10.0	10.444252243912429
13.0	12.978749975468848
4.0	2.4203641400040015
7.0	8.22927066473965
4.0	4.729272143071983
4.0	4.775392584858361
13.0	12.9583731632399
4.0	3.2231897891486874
7.0	8.436708537963543
7.0	8.741751465325802
1.0	-0.17628536263819217
4.0	5.069933624512659
10.0	10.775175062102154
4.0	4.7208747450734325
7.0	7.302054062060724
7.0	6.181640685542936
1.0	0.3068490403588199
10.0	11.920035118200405
1.0	1.4830500965019828
4.0	3.9864983861155863
4.0	3.866443259597648
13.0	12.844584286229042
10.0	9.825772834530202
13.0	13.069889446468542
7.0	6.988747708197065
13.0	12.782060610837503
1.0	0.15847355113660022
10.0	9.537382966877281
7.0	4.330380504893991
13.0	12.018365181452392
13.0	14.01452170540875
1.0	0.5216194877658547
7.0	7.035638721580295
10.0	8.898758419789905
1.0	0.2804920192672088
10.0	9.824860593647658
1.0	0.674073373048917
10.0	11.61025194016623
4.0	4.614865154368448
13.0	11.71798631565793
13.0	12.432944138677534
7.0	6.767016398688077
1.0	0.5308736099576294
7.0	9.718055926626421
13.0	12.74474738118528
13.0	11.710195976657038
13.0	12.740105757893458
13.0	12.936305969943174
1.0	1.8102501964459923
13.0	12.649409003278556
10.0	8.750411101038834
1.0	0.8525036419920855
7.0	6.213595814054968
7.0	6.116799136591647
1.0	0.8598167344538237
10.0	9.207155303450339
4.0	3.9114643030590788
13.0	12.588591993914388
13.0	11.79187006571833
7.0	6.834527125944186
10.0	8.885282423470407
10.0	11.504058228097291
13.0	13.122064363318303
10.0	8.945866100906892
10.0	8.996714257757668
7.0	6.560067442326728
4.0	5.0478004244420696
7.0	5.381252803057633
10.0	8.974760730159092
4.0	3.3793391988913886
13.0	12.408202359056867
10.0	10.553011308995124
1.0	1.6281644593148226
13.0	13.105923413131336
10.0	9.937520105202061
10.0	10.43127390127405
7.0	8.439494985640584
4.0	3.049896506151296
7.0	9.759866407658466
10.0	9.020561092882199
13.0	12.672887850383246
13.0	12.822042326242762
4.0	3.5318781749642483
13.0	11.437686821467935
4.0	4.2503302886441325
13.0	13.481248979952289
4.0	3.3597371385395842
10.0	10.562744889615152
10.0	10.024086594102362
7.0	8.015196172502382
4.0	3.3881364453486507
4.0	3.265112119683733
7.0	5.472550487431383
1.0	2.2067424981767108
13.0	12.732588015182348
7.0	7.023078409170589
10.0	9.47805652986147
7.0	7.645309612211791
13.0	13.005442085136357
13.0	14.177129039872444
13.0	10.984215364585806
13.0	12.339444254455506
1.0	0.9295934315610417
1.0	1.5362346089982175
7.0	5.539205843413045
13.0	12.570273904641821
10.0	9.617230109034134
10.0	10.3303210495013
13.0	13.152001571079504
13.0	12.088217918947977
1.0	0.47840787616767566
4.0	3.7301582541215224
13.0	14.610629669924466
10.0	9.671877986288779
1.0	2.3841447155082416
10.0	11.230175704305749
4.0	5.355331763833346
1.0	2.3067273430719477
13.0	13.35975597356561
1.0	1.444854686364952
1.0	0.26781894400445094
7.0	6.021550401574776
1.0	1.6438951356662623
7.0	6.345227752620866
10.0	10.204287995551296
13.0	13.480687356193357
7.0	8.151995247116234
1.0	-0.6280074905202042
10.0	9.296827950537562
7.0	9.319488269914103
1.0	1.157800820718488
1.0	-0.7253309136718817
10.0	9.288098720125484
7.0	7.604760905727505
10.0	11.897568111358076
10.0	10.636635760075512
1.0	1.3106087400087585
10.0	8.491771783804642
7.0	6.652010448060154
13.0	14.496956168165804
10.0	9.919935540175084
4.0	3.545267050296383
13.0	12.38251511058896
13.0	14.467915774347839
4.0	3.3797487967897304
4.0	2.9908818243530684
1.0	1.3604055633654735
7.0	6.2463844851727774
1.0	1.7618451811912523
13.0	12.496866387902552
13.0	12.27915586337458
7.0	9.850376876322597
4.0	1.4804431983140347
7.0	7.547477328042548
13.0	12.517712168833029
1.0	0.861084175793672
10.0	10.390407376227735
10.0	10.550155540753689
13.0	12.915715450938041
10.0	11.025577267221287
13.0	14.02415153947402
10.0	7.595549680561643
7.0	7.759509828440962
10.0	11.680320129182743
7.0	6.817164404440982
13.0	12.45924823752563
10.0	10.54932253823621
4.0	5.460591355650328
13.0	13.321393689754633
10.0	9.17337553661326
4.0	3.657804225524038
10.0	11.047755460865822
13.0	11.239958923553978
13.0	12.075090605507746
4.0	6.135413013847911
13.0	10.594342203369829
1.0	1.9319689103790632
1.0	0.387163861543818
13.0	13.152505408813742
4.0	2.8881585890110917
7.0	6.938318993594511
13.0	11.73434832165723
13.0	12.933939664037801
1.0	0.42112505635853104
4.0	3.928340604827585
4.0	4.867984598150423
7.0	6.336096779634387
13.0	14.269937483242348
10.0	10.026335177112873
4.0	3.0109639109505615
13.0	13.442206526300136
7.0	7.030082495030781
4.0	1.9709990626084979
4.0	6.0924366323430625
4.0	4.097784855319626
7.0	4.492542468000701
4.0	1.7333432938007678
10.0	10.301212876146547
10.0	9.968886072574833
13.0	13.50010445711716
1.0	0.7193544515866948
4.0	3.687995048174903
7.0	6.748289206276601
1.0	2.5314965778912715
4.0	4.276592620848432
7.0	5.449609952796692
1.0	1.3241679426337631
4.0	5.51923583212786
4.0	4.891792886424556
4.0	4.474062467564799
7.0	6.286723825505813
4.0	4.899122196138779
7.0	7.18750234805782
1.0	-0.9801946648123854
7.0	8.802222066612224
1.0	0.4273825626280632
13.0	13.663917367328065
13.0	15.381771384414993
4.0	3.8704320176694034
7.0	5.732913293914688
4.0	3.7228202011160687
7.0	5.3979428643679555
13.0	12.13789848723973
10.0	9.501931747231716
1.0	2.5435518230083938
7.0	5.587994546187422
7.0	8.412210395396597
7.0	5.757623705476192
7.0	6.716681412144913
13.0	13.19267459421255
13.0	11.235375608001105
4.0	2.475186371303744
4.0	4.690801216139716
10.0	10.456432684289332
7.0	7.590782951652077
1.0	1.2465879078547493
7.0	6.158845830950654
10.0	9.44802671607148
1.0	1.3768921683146966
7.0	6.976598147736417
7.0	8.274682804972839
1.0	1.078569849686119
7.0	7.299237069549158
1.0	2.228696176352946
10.0	11.185624264407041
1.0	0.38396611692993965
4.0	5.330457566646716
10.0	8.689506620043165
7.0	7.561409608565463
10.0	8.7322071661958
13.0	11.963920907112167
1.0	-0.5140180097699083
13.0	12.89020997920663
4.0	5.093003293065515
7.0	7.066392557681602
7.0	6.873463015165142
4.0	5.760371305695061
10.0	8.659328644798615
10.0	12.942974210634024
10.0	11.648977948994098
4.0	3.5182632239532645
13.0	12.934246569915487
7.0	7.936220874919708
1.0	-0.5706963750062548
4.0	5.710331292281945
1.0	0.8822563567199775
4.0	3.4279932723650144
13.0	13.505257572856864
1.0	2.374330029136364
13.0	12.642715104279821
13.0	13.904746992035152
7.0	7.570588355057854
7.0	5.994446979552162
7.0	6.9026469524029395
4.0	5.224164170395743
13.0	13.561060218866448
10.0	8.412623526768828
4.0	5.153960942331717
1.0	1.2467629146111523
13.0	10.68114287946724
1.0	2.0046273689593113
10.0	9.115808391545919
13.0	14.823696563203766
13.0	13.800824860963743
1.0	0.06593886621762679
7.0	6.927449654274166
10.0	9.600145347355463
1.0	1.2155798239227698
13.0	12.380441067081428
10.0	10.867164986407596
1.0	-0.5217771368900324
13.0	12.395839533700675
10.0	9.242746408443205
1.0	3.223120541862744
13.0	12.117888287582375
7.0	5.753071654032341
10.0	10.267181188868978
1.0	1.2542509316399841
1.0	2.9322771253106352
