Gaussian Generator(1.0): mean=1.0,stDev=1.0
Gaussian Generator(2.5): mean=2.5,stDev=1.0
Gaussian Generator(4.0): mean=4.0,stDev=1.0
Gaussian Generator(5.5): mean=5.5,stDev=1.0
Gaussian Generator(7.0): mean=7.0,stDev=1.0
Gaussian Generator(8.5): mean=8.5,stDev=1.0
Gaussian Generator(10.0): mean=10.0,stDev=1.0
Gaussian Generator(11.5): mean=11.5,stDev=1.0
Gaussian Generator(13.0): mean=13.0,stDev=1.0
Gaussian Generator(14.5): mean=14.5,stDev=1.0
8.5	9.735414697949679
4.0	3.062724112994353
14.5	16.310439472034115
5.5	6.751910529168116
10.0	11.357897716157911
14.5	12.531525347383223
8.5	7.7318115550416895
5.5	4.8713861477539435
5.5	4.936020950497944
8.5	7.549215411683754
1.0	1.0010440407739098
4.0	4.799592067692259
14.5	13.717832979021937
13.0	13.276583566437973
14.5	12.33041996708913
14.5	15.140435019988885
2.5	2.494790579902341
13.0	13.238624821495696
8.5	7.041200336525474
5.5	2.6764708456028172
7.0	7.7740111000222285
5.5	6.509941638141774
13.0	12.735183133701206
4.0	4.663329837204754
5.5	5.673105941013988
10.0	9.608842884283872
5.5	4.451521454958327
1.0	0.9764059791578611
2.5	2.7742615418208465
13.0	12.445813310505482
7.0	9.428745306066048
8.5	7.304317438842098
11.5	11.805475870466884
1.0	1.3640462622592755
2.5	2.2571551267129815
11.5	10.546451852233538
2.5	2.0564694594933357
7.0	6.319244515015267
5.5	4.283054129909326
5.5	5.467355327177798
7.0	6.8224125361034496
1.0	0.9536804930683513
2.5	3.265515755580645
11.5	10.738961338934047
13.0	13.874781874878913
13.0	14.407573328114957
5.5	7.061800741209378
5.5	5.734383417650444
5.5	3.0417152957412776
8.5	8.465789910786286
10.0	9.930080436990082
8.5	9.594582048161595
13.0	11.301655020653552
10.0	9.497103205761764
8.5	7.936806166815031
11.5	11.812806723273871
4.0	2.1348722017989705
2.5	3.012302531411056
1.0	0.10683277283883286
10.0	10.45302363695983
13.0	12.885181526786223
10.0	9.876063414237175
8.5	7.477955972115191
11.5	12.204152533180386
7.0	7.16628443514175
13.0	12.943615862774278
11.5	11.615650146680949
14.5	14.61436786563547
5.5	4.477406623851543
4.0	3.7164394663642613
11.5	11.679351599177975
7.0	7.56051879309857
7.0	7.115590925426466
7.0	6.833599839563598
14.5	15.766646545660794
4.0	3.827912529711686
4.0	5.501456529094375
1.0	1.9332196840023874
10.0	10.460413580446088
5.5	4.451100406675115
5.5	4.303255204486668
13.0	14.939920604757386
1.0	2.408790895990867
2.5	1.8423951424884994
14.5	15.022091678256235
10.0	9.928282489509481
11.5	12.101753039940967
11.5	11.008166674703071
13.0	13.166260132404586
4.0	5.781117507187246
11.5	13.04071876548698
8.5	8.034140955399403
14.5	14.284913158114636
8.5	9.016564251439926
5.5	5.742472676967515
14.5	13.558579180611213
2.5	3.4147436902261363
8.5	10.342696156795652
1.0	0.7139673214145135
10.0	9.946038460673808
2.5	1.3397315787891324
1.0	3.472724522392467
8.5	7.94650282217794
11.5	10.853317273298122
8.5	7.774020636023644
1.0	0.2559040437747081
14.5	14.130119341255917
5.5	5.030199763426874
13.0	14.64985308493208
7.0	8.376505403530029
13.0	11.44999121350863
7.0	7.190885221369238
1.0	0.9449241521300729
10.0	10.143713712571595
10.0	10.85425463624941
10.0	8.945957447534333
7.0	7.730847354633158
4.0	3.95483744881076
11.5	11.406641396452676
5.5	5.326136950859649
7.0	7.027946943096994
4.0	5.553508696908335
7.0	4.61098616450758
1.0	0.4066028418682226
7.0	7.412533242001597
11.5	11.53080037919333
2.5	1.647194004285018
13.0	12.610640133469275
4.0	3.7863791476856665
13.0	13.184976913200993
7.0	7.685464790622314
4.0	4.603736720533041
7.0	5.664470473656671
13.0	12.552921258006497
2.5	2.2459321269074324
7.0	6.582586250603715
4.0	2.6542686188021287
7.0	6.591204588489331
4.0	3.8308089912016325
14.5	15.377610229356206
14.5	13.339340654653844
4.0	4.049536491032345
5.5	7.576072623750758
13.0	14.676131461258262
5.5	6.16618985020702
10.0	11.943436915358953
11.5	12.02416558652937
4.0	4.913016402404999
11.5	11.902488893978276
4.0	4.583173269189738
7.0	7.798511161780308
11.5	10.424938007578296
2.5	3.350741210433898
5.5	7.221829552272475
13.0	11.87732309002326
10.0	9.168733948827338
4.0	4.47861071823578
2.5	1.6739682830254887
2.5	1.5279150337729046
13.0	13.016798932978428
11.5	10.123838983601093
7.0	6.032815225360374
4.0	5.2543658909218305
11.5	10.965627302482842
14.5	14.629523160264474
7.0	7.75933530646389
4.0	3.062448388856093
14.5	14.007761196036686
5.5	4.944542353391315
1.0	1.6350973452492672
4.0	3.737799051830519
4.0	3.2084920392730636
2.5	3.1749656212629036
11.5	9.455098322016022
5.5	6.1418520969492025
14.5	15.502023746202203
4.0	4.1867838042624985
7.0	6.156672470568132
14.5	13.404526454376718
4.0	3.963044526322963
14.5	12.981840563686067
4.0	4.045564823683115
7.0	6.393901280004712
8.5	8.39472564183552
14.5	16.250372207502757
5.5	4.4546516933528295
5.5	7.117884638378269
1.0	-0.6356288427242835
2.5	2.43600932404184
4.0	2.8997494045115095
14.5	14.773607094097146
2.5	0.2305184002031857
10.0	11.546823827391826
4.0	5.421318557096121
1.0	0.23351884606839513
7.0	6.003782203884556
7.0	8.213021683522575
1.0	-0.2270021623741465
10.0	7.762020376326138
2.5	2.3236539883045877
13.0	13.322419981546897
13.0	11.887783713501113
5.5	5.061726755833687
1.0	1.8569731238407006
14.5	14.882534586155524
8.5	9.508801365887086
5.5	6.213843921441397
11.5	10.919702553074638
5.5	3.5795601287511074
14.5	13.825392225907505
10.0	10.606160931784393
5.5	5.377317582085186
5.5	5.042646485990826
11.5	14.52422113274222
14.5	15.160156287706082
13.0	14.95417779442844
8.5	8.51747753407927
5.5	3.1215796979822334
7.0	6.536771499460611
4.0	3.654186608200525
11.5	11.680388595365578
4.0	2.6304305191674477
5.5	5.8187207592052745
2.5	2.82551847166428
5.5	5.5426789322094585
8.5	7.815745698972701
10.0	9.46745194502802
11.5	10.989230073422647
4.0	6.027906318407274
10.0	9.018218072649884
7.0	6.543047807011858
1.0	2.0564486586916226
14.5	13.197379393193119
5.5	6.395865054894775
4.0	4.288897139398863
8.5	8.348106512659207
5.5	6.560749695292332
5.5	6.859102027782061
8.5	7.11640599201829
10.0	9.99195567883998
2.5	3.461816970425068
7.0	6.057202723848655
14.5	13.019974187321374
7.0	4.91902476272964
10.0	8.953320961058164
8.5	9.018543473625025
13.0	12.26425732758401
1.0	0.15793036377916891
10.0	11.390935016980444
5.5	6.716305487903936
2.5	2.8659827690060564
14.5	14.544662183681742
5.5	5.506927793693056
10.0	9.200524430646103
1.0	0.23444533350063357
2.5	1.4886282255693253
4.0	5.958998388923067
5.5	4.468984611680208
5.5	6.295283186553486
7.0	4.816814351173284
2.5	4.0417687244069915
5.5	7.073939325767409
4.0	3.117256491991113
13.0	15.092486437215907
4.0	5.313249005849008
1.0	0.09702307216876371
7.0	8.017234505696633
11.5	10.121247027480988
4.0	2.611354104081723
1.0	1.9160958569643287
8.5	8.43461651870036
2.5	3.0603727077815903
14.5	15.480398166708605
4.0	3.164600055489917
5.5	6.646292187964298
2.5	4.016290320038839
11.5	11.298039288125175
10.0	7.880077005770499
1.0	2.250141800057021
14.5	14.438661071635213
13.0	13.137369815771898
4.0	4.79175833773323
8.5	7.507260012840589
7.0	6.394720473487796
1.0	0.8152175687052206
13.0	12.049143909387919
8.5	8.185322321203301
1.0	0.7758393422109386
2.5	3.3510744703909596
8.5	9.601058357078927
10.0	9.715095223138759
5.5	5.78009433211571
13.0	14.238749378409297
14.5	14.645010978574353
1.0	0.8761877289119631
14.5	13.333015986269078
8.5	8.888191547330438
14.5	15.607520617952721
5.5	5.566196797767387
4.0	4.658866013541613
1.0	0.9304180571702337
5.5	6.570698317653748
10.0	9.703923999526461
7.0	7.917497213979907
2.5	2.5586480286219033
7.0	7.004378571570364
10.0	11.17326192342313
14.5	14.978064006761096
11.5	11.866897888575298
10.0	10.435410484088901
2.5	4.339749271827433
1.0	2.6375854070769735
2.5	2.4704484511793496
13.0	12.63999385984899
5.5	6.114025226556885
11.5	12.169757565916736
11.5	13.16686485652243
2.5	2.5796396829727324
10.0	9.304623275493798
5.5	5.988200598266262
14.5	15.974263317878114
14.5	13.168784481801024
11.5	10.331852315401282
2.5	1.4816495024776535
5.5	4.8914572045274
4.0	3.574779980775487
11.5	10.57114883250333
10.0	9.326737830195976
4.0	4.38552031170568
1.0	0.6576116168678305
7.0	9.770713246012484
1.0	0.9375719722656741
10.0	9.469599008349466
14.5	14.941391652029383
7.0	6.187493799789226
7.0	5.569528375900591
14.5	13.61578200733501
1.0	1.4143805883311051
1.0	1.6774808946191961
8.5	7.205430500591004
2.5	3.157468537110453
14.5	15.921890195476333
14.5	14.182875880909831
11.5	10.465910693881591
10.0	10.190391031368666
10.0	10.689367590717344
5.5	6.801931589062454
11.5	11.117362022809
14.5	16.867951320052835
5.5	5.863161912628469
1.0	1.1497609100311825
4.0	3.55788234814479
14.5	14.579338897854996
14.5	16.337861733511144
2.5	2.0140830314587648
14.5	14.716829396811498
2.5	1.1228292608914552
13.0	12.908352854287955
8.5	8.026291612625242
14.5	13.672848673260637
14.5	13.833349534380769
7.0	6.621502302177316
13.0	14.125469597947408
5.5	4.950398376235344
7.0	5.2951375807041385
10.0	10.839673834338097
2.5	4.141553530033746
14.5	12.070013606262268
2.5	0.9586757234270791
8.5	7.4605523009849435
8.5	9.288942298155284
14.5	16.0231879259435
8.5	9.226645514826323
2.5	1.4141855454423933
10.0	10.972779638058626
1.0	0.8474203395414243
10.0	11.366730457775652
8.5	9.306640060760257
1.0	2.570969387920455
8.5	9.624410146626825
4.0	5.673130881434578
14.5	16.374713616696233
8.5	8.83180773867522
14.5	13.8690097146855
14.5	14.1858548013529
5.5	6.761676815441875
8.5	8.476003981056179
7.0	6.778995444077478
8.5	9.850815230659144
4.0	2.8405265515666787
2.5	1.7386920979092495
13.0	12.247270986783143
13.0	12.75955631759265
5.5	6.136534191584029
8.5	9.213326632510027
14.5	13.773779278146256
1.0	0.2220065971618479
8.5	8.161706208110338
8.5	7.742026174653936
2.5	2.8603811390267335
4.0	3.850976461469582
1.0	1.5539872877077743
5.5	6.457855013031363
13.0	13.502975744036492
5.5	5.654240043766404
4.0	3.896380624902205
5.5	5.728332432960972
10.0	7.895372625225592
5.5	4.763282521566862
5.5	7.338484147987933
1.0	-0.15664068942052678
8.5	9.546147843129276
8.5	7.145248491788557
10.0	10.679488208687408
2.5	3.0185779238895645
4.0	5.865726368270604
13.0	14.487388737040055
13.0	12.279652629281955
11.5	11.785595572106917
4.0	2.7263627775233035
10.0	11.278275532468411
7.0	7.338335459938316
13.0	14.780863090664685
4.0	4.072937698426256
8.5	10.180340752785861
13.0	13.847449848797003
5.5	6.987128085752789
13.0	11.828262323262805
11.5	10.867610508997641
10.0	9.794871405094353
13.0	12.85475627584849
14.5	13.674499247259083
13.0	12.634274471391851
1.0	0.3967625460269689
7.0	7.736252480681515
4.0	5.021047739366576
1.0	0.07276175189407708
11.5	12.093164773670537
8.5	8.345227787558056
8.5	5.702475600396213
2.5	2.088629642421668
5.5	5.719753138141418
2.5	2.04196054308164
4.0	3.941529325668921
4.0	4.536530417510728
13.0	12.461799944800944
11.5	10.84999329871274
7.0	6.420883645663361
10.0	12.038683177471201
5.5	5.617911816238874
1.0	-1.216310716186725
4.0	4.0947579393325855
1.0	1.5957344953067127
14.5	13.280141919304757
10.0	5.978135761052449
2.5	2.4902555128810313
10.0	9.545797235181174
10.0	10.871930209667754
5.5	5.786595647464071
10.0	10.478720318261676
8.5	8.023866499977554
11.5	13.566736276900121
1.0	1.4862729394807368
14.5	13.962610698568668
10.0	11.021722500052705
1.0	1.3963909812576247
11.5	10.983103538865636
4.0	5.193516026884559
13.0	12.378829226838546
13.0	13.368715496343345
13.0	13.387091511309395
5.5	5.955553986533553
4.0	3.182287964830059
7.0	7.2459671050556365
7.0	7.761839298658015
2.5	2.682815914820916
13.0	13.353298533355257
14.5	15.193069445425596
11.5	11.684207383727413
8.5	9.311451309645358
10.0	12.215106784551216
8.5	7.2879656779188755
4.0	2.4387473508635154
5.5	6.755615983926345
11.5	11.169047188597386
13.0	13.293714859669533
2.5	3.1883187613058226
14.5	13.931217663978341
2.5	4.019753433060107
8.5	7.96945559321263
1.0	0.93758401375201
5.5	4.098250172750216
4.0	3.6730403609323674
4.0	4.33096052568792
14.5	13.551899750053941
5.5	6.689983945903569
10.0	8.532167810183907
7.0	7.130158030974041
7.0	7.258530255389498
11.5	9.472628720050235
8.5	9.290908591023623
8.5	6.608439546020444
10.0	9.709336417705552
4.0	4.55259196028037
14.5	14.767077473871149
11.5	11.2091539854051
4.0	5.576858478743188
13.0	12.755085746203248
10.0	11.173225547030432
7.0	6.626393816871841
4.0	3.7145091814600426
11.5	10.753354184377521
7.0	7.945149463905805
2.5	2.5789376747399695
5.5	4.662121251396063
14.5	14.013306973451757
1.0	1.2685034409553952
4.0	5.223353103319357
11.5	11.815761078569716
11.5	10.381131768739984
5.5	5.587902042176784
13.0	12.307974663109631
13.0	12.532705305584978
11.5	11.442397240310873
8.5	9.487599616685195
4.0	4.2478332864484765
1.0	0.11846701411497029
2.5	2.9205514183248082
5.5	6.652319629987862
2.5	3.8297436615125275
13.0	12.982032360234363
10.0	12.251225917240376
7.0	8.707825336127108
1.0	-0.9787430989110522
7.0	6.0514209100891945
14.5	15.210571635372135
11.5	10.637645454843188
2.5	2.719081304581332
10.0	10.13195978086247
1.0	1.0871640617831064
2.5	2.4163298227015066
7.0	5.245869353527808
1.0	1.4966629659823405
5.5	6.256638257736181
5.5	5.1298000850496885
13.0	12.246052721811056
5.5	5.573003321639579
8.5	8.126057832343783
10.0	9.791595247276083
1.0	1.6155992166361437
8.5	9.448520263364294
8.5	6.745210507155016
10.0	9.544022997516885
4.0	3.4420796758104055
13.0	14.027788906137157
4.0	3.3583709523031975
2.5	3.782466807330353
2.5	3.3297566519352726
13.0	11.8941104671889
7.0	5.220254992127585
14.5	15.08103689315509
10.0	11.066566422900127
10.0	10.83890077110645
13.0	11.066750345819846
14.5	14.767103563886401
11.5	11.031133520533448
10.0	9.993470139513901
13.0	13.620634428231432
13.0	13.253514059768937
4.0	2.0244975125760556
10.0	10.424559590280515
13.0	11.899524184864687
8.5	9.352104414978294
14.5	14.63409728518564
5.5	4.333190057060219
2.5	3.375807787525316
11.5	10.057657887726327
11.5	14.101674224082617
7.0	7.225759151874353
13.0	14.438039043990203
13.0	13.344772324240399
10.0	8.296072012689784
10.0	10.468502450452133
14.5	14.440881190850773
8.5	7.570486660037905
1.0	1.698730263086372
4.0	6.41128555872081
7.0	5.648157177057724
4.0	1.6965145914214825
11.5	12.566947266319728
10.0	11.389561466179734
1.0	0.19222130327361953
13.0	12.65167812245985
13.0	11.597558312317227
10.0	10.07858697026914
8.5	11.202541186071368
11.5	11.479521056370537
14.5	15.122020205137359
4.0	4.5793401226444175
2.5	4.486898999854553
14.5	13.984288919175698
14.5	16.721130605452096
13.0	12.71129460845298
1.0	3.335848553434714
14.5	14.334157118665637
13.0	13.2706806978813
7.0	4.918058351841767
14.5	15.234936025690015
10.0	10.15598225573538
10.0	11.494139071767034
4.0	4.1516604520455775
1.0	2.20761229582554
14.5	12.547387329632816
11.5	12.371482637630024
1.0	0.8414133028951021
7.0	7.424329313951708
13.0	12.91244104482833
5.5	5.165600608171008
10.0	8.48560816277652
7.0	7.200308205948783
7.0	7.045980134919366
4.0	3.733132775284724
8.5	8.55330829963128
14.5	13.00959786376015
13.0	13.050500469751873
4.0	5.838443763256194
8.5	7.468543160585585
2.5	2.281129063162999
11.5	9.644272637087456
13.0	13.190020442216735
2.5	2.1919443366033375
8.5	7.60251504013865
7.0	7.186767253403575
4.0	4.9237237216545555
11.5	12.089194499547744
8.5	7.717400890393351
10.0	9.669960246458059
5.5	5.395750298469086
10.0	12.5640253436987
14.5	16.4107059403315
7.0	7.04488640495633
13.0	12.340808622290291
10.0	10.110837345655892
4.0	4.44499790035228
8.5	10.545506925137817
5.5	6.422547629932623
14.5	15.640083767000801
13.0	13.218916367875622
7.0	8.286405559535229
1.0	0.5076162449782732
10.0	10.543678052031648
5.5	5.031581744916217
13.0	10.843091872539418
7.0	7.837873073952683
1.0	0.8150983245234282
13.0	11.906753907308444
8.5	8.88250016932322
14.5	15.062440610213464
4.0	3.3982877029165452
8.5	8.282269905127905
7.0	6.991079092645675
10.0	11.55115719238491
7.0	5.352729811552875
13.0	13.573322228168923
5.5	7.250584420198757
11.5	11.349193990190567
10.0	10.654373576758605
1.0	0.27941435217940935
2.5	1.4399059571512205
11.5	11.897554755909395
8.5	8.182270960612644
1.0	2.950190655401249
14.5	14.930149420144438
7.0	7.5416343890058695
8.5	9.2754983341929
2.5	3.005998578452981
4.0	3.5348638022637044
7.0	7.800044027356405
11.5	10.633823800134188
11.5	11.29344645534138
14.5	13.48014711326947
7.0	6.790671143789602
1.0	0.8443205055660012
5.5	3.811123467099417
13.0	12.244475223488314
4.0	4.548175248110837
8.5	8.982150573926377
14.5	12.779341355472964
11.5	11.61786077595326
2.5	3.220095312679516
8.5	9.298981431204524
8.5	8.14129846765326
7.0	6.126344569067732
11.5	12.46642902899566
2.5	2.012431148852214
8.5	9.433968591529451
4.0	5.167763088814322
1.0	2.4126784683637985
13.0	12.414839610247462
7.0	7.469182584366281
11.5	12.707972840740837
13.0	11.883268947013173
2.5	2.2994135338417556
14.5	13.462642864889936
2.5	3.9991849262428003
8.5	7.579387693803261
13.0	10.90748335744973
8.5	8.33799896234062
8.5	9.747644285369857
4.0	3.998403309165031
2.5	2.5714431665737516
2.5	4.664379335453955
5.5	5.788343203141519
2.5	1.9477732949551707
4.0	2.577541743069176
11.5	11.60192723199059
1.0	0.8338693732049358
5.5	5.551963279845408
5.5	5.943678911267756
2.5	3.7670274795966536
13.0	13.449780920794936
14.5	13.683519584093148
10.0	8.052198601972435
8.5	6.995286362866545
5.5	4.332817548247193
2.5	1.5787190279698444
10.0	10.64536111933924
1.0	0.9719339813692781
8.5	5.992932665383066
14.5	15.482634250234788
11.5	13.252947083150792
10.0	9.458538393752617
8.5	8.57444041395088
2.5	1.3514159182961742
2.5	2.9476360341413805
14.5	14.966868973994483
1.0	0.3766773008879095
10.0	10.313051610529607
5.5	5.876091393396088
14.5	11.506199534710516
8.5	9.094173701385513
7.0	8.50178969587876
4.0	3.046104864134469
5.5	4.861774204540405
7.0	5.930663635451522
7.0	5.5209416622109835
7.0	7.76953032141365
8.5	8.49104984376459
11.5	12.914945179097602
11.5	11.99779831261828
10.0	9.830693226388506
13.0	13.779239244750315
1.0	0.42373319794288533
1.0	-0.5535413699682588
13.0	12.524000100083137
14.5	11.293898048199006
4.0	3.7167738151742262
11.5	10.890283202278015
1.0	1.9191145236346467
14.5	13.519006838028595
4.0	3.7080348421707203
11.5	11.26932723545216
11.5	11.221918918650474
10.0	10.570671127126067
13.0	12.369514041036814
5.5	4.211296440805244
2.5	3.3453887232172046
7.0	6.015243233223691
1.0	1.1098900113966694
8.5	7.799972727372956
7.0	6.664951694384626
1.0	0.06564730589878409
11.5	11.54845637804835
7.0	5.841014795407774
4.0	2.521692630547933
5.5	5.3685540658013595
7.0	5.510093819800961
7.0	6.217740375266625
1.0	0.2373384659247223
4.0	4.453387162960527
11.5	11.241601068949038
8.5	9.857881837104681
13.0	12.02095735058395
14.5	14.84158067802472
14.5	16.5875911565418
2.5	1.900174179255579
4.0	3.920363178823135
10.0	9.665647664378662
7.0	7.5190923324836785
5.5	5.389523277720053
7.0	7.208636795314231
10.0	9.05522076825225
11.5	10.727503113987769
7.0	7.438241905703252
2.5	2.595934237457643
10.0	9.888749796635723
11.5	11.835306651044927
13.0	12.445616857554052
1.0	0.7524655059071794
4.0	2.7695689803207597
5.5	5.839922645961047
14.5	13.96045041259667
7.0	6.489898674859375
8.5	8.747450721057902
8.5	9.42543625696863
1.0	2.634295462401119
7.0	6.832610429647202
14.5	14.357982471739154
5.5	5.634751451312084
8.5	8.810682141735166
4.0	3.626613373595202
5.5	6.818412798277353
14.5	13.976241485923367
8.5	9.494897621660071
13.0	13.81301814499511
5.5	4.223572552345092
5.5	7.044116367789025
11.5	9.47508351700302
1.0	2.220758519095313
8.5	8.465274820000069
13.0	13.202126692617224
8.5	8.550583453070482
7.0	7.081911325020328
14.5	15.581609369822488
7.0	5.499253381482533
5.5	5.888101188548045
13.0	11.292213304942237
2.5	2.316605636287643
5.5	5.1576948763673505
7.0	6.9463515209507305
4.0	3.4010777963529493
8.5	7.481279259419701
2.5	3.597863580595251
2.5	3.4848567703797206
2.5	5.233530619885446
11.5	10.646547683328398
10.0	10.300745582481843
7.0	7.814458901444684
13.0	14.873373046233063
13.0	12.924995565612692
5.5	7.038408509137951
4.0	3.5923057114439283
14.5	15.574917298046902
2.5	3.627265866101247
8.5	8.19904634586038
1.0	1.6782526861249254
1.0	0.9110811828898626
14.5	15.602307453895419
10.0	9.045971022538499
13.0	13.675628986136402
13.0	13.519339261305081
8.5	10.856767881194614
5.5	5.251094191254681
5.5	5.528019653299839
10.0	11.744246664147163
5.5	6.452918364351106
2.5	3.1076138755763636
5.5	3.0496884733388385
1.0	1.7891460048977206
7.0	7.286796086766537
14.5	14.050304269605267
1.0	-0.6196769153526882
2.5	3.3129497073837295
10.0	10.066955390813899
14.5	13.877361839107591
7.0	7.654313043772621
2.5	0.6539600869894351
10.0	10.26019189424702
2.5	2.3714020980188195
1.0	-1.0773020129702449
4.0	4.134088883463719
7.0	6.485584306591644
7.0	6.422763833571002
2.5	3.268323144313235
11.5	11.203606161285078
14.5	14.054307137822397
7.0	6.394382414142973
10.0	8.857301389867576
14.5	15.107987148077775
5.5	5.957244266107472
11.5	13.118718074409141
8.5	7.459110883384535
8.5	7.640085929629085
7.0	6.673375024285975
8.5	9.326734199764404
5.5	5.755841058871108
8.5	10.355935484745778
13.0	15.444356680428971
7.0	8.274655814665573
8.5	9.530218138583306
14.5	16.76890064369227
10.0	9.457878497883978
1.0	0.11503744148403872
13.0	12.496474122293623
4.0	5.137220025951024
4.0	2.534668599070809
2.5	1.5187944226651315
8.5	7.123602564016525
1.0	1.3272203610022164
1.0	0.6801334414729403
5.5	7.307393712897019
2.5	2.096714665829449
14.5	13.581539578803723
10.0	9.579939869819773
7.0	7.077983249366848
13.0	12.094096054058964
2.5	2.7537328470957347
2.5	3.315256539294168
7.0	7.512491010733592
1.0	0.4720227907090534
14.5	14.63633790322
14.5	15.12885042574624
10.0	11.280457363043654
5.5	4.673271979053416
1.0	0.7850813397257148
2.5	2.1734711408451703
1.0	-0.6334358140204353
4.0	3.0221945897442124
11.5	12.137187489109657
5.5	4.1645255484315085
5.5	4.93881005286537
4.0	3.853024177556182
4.0	2.1416347206386632
14.5	16.312036837217693
14.5	15.221914533723199
4.0	3.587130744972768
7.0	6.093111338078322
1.0	-0.2599817693754778
1.0	0.32862896113918405
4.0	2.202601980395373
14.5	15.90094752969396
10.0	9.944034982871093
10.0	8.198531144182516
1.0	0.5394986094034402
11.5	9.730352404989604
4.0	5.095368551568843
11.5	11.509283521644845
2.5	3.5213111261811183
10.0	9.652611650673316
11.5	10.76969322827154
7.0	7.564486336919789
14.5	13.398438845491153
10.0	10.966764651591085
4.0	2.928963960527478
7.0	8.186456764564126
8.5	8.974359091493222
13.0	12.965935258766699
8.5	6.977973911499632
5.5	4.858004373731996
13.0	11.788913746285766
4.0	4.736692246978047
4.0	5.086855645374264
13.0	11.893124573503133
10.0	10.810995662298533
1.0	0.5662331126134276
10.0	9.91692818173089
5.5	7.730247527875528
13.0	13.505641607088098
5.5	4.546869739821958
10.0	9.24185312965139
10.0	9.894548448658083
7.0	6.789583499602265
13.0	13.325760102339165
8.5	9.104546438721458
10.0	9.31110536300415
2.5	2.526893610671467
2.5	1.801444051363621
13.0	12.085420137721261
5.5	6.223162317994654
1.0	0.3738692793900793
4.0	3.162295993119663
10.0	10.094136224376225
8.5	8.932597758502498
8.5	7.281081473676516
7.0	6.588249746016381
13.0	12.681255568625334
8.5	9.123216204225288
7.0	8.377115366739575
14.5	13.526573230351051
4.0	5.943458321276212
11.5	11.142752836935236
5.5	5.994410128900868
11.5	12.952337251685067
5.5	5.4294271965884215
5.5	7.151745189497127
10.0	10.878296463641536
2.5	1.9423743177117379
4.0	4.161627827522258
4.0	5.9953346743895
1.0	1.5017654503407412
8.5	7.630166165161758
13.0	12.429078578303809
7.0	7.550716950792804
7.0	7.222355774642185
5.5	4.837179572411061
10.0	9.21909204890304
1.0	1.8469242304104727
2.5	2.8972327034123837
2.5	2.4220459180098795
4.0	4.217172583495083
