0 0.0004261111426547001
1 0.0004261111426547001
2 0.0004261111426547001
3 0.0004261111426547001
4 0.0004261111426547001
5 0.0004261111426547001
6 0.0004261111426547001
7 0.0004261111426547001
8 0.0004261111426547001
9 0.0004261111426547001
10 0.0004261111426547001
11 0.0004261111426547001
12 0.0004261111426547001
13 0.0004261111426547001
14 0.0004261111426547001
15 0.0004261111426547001
16 0.0004261111426547001
17 0.0004261111426547001
18 0.0004261111426547001
19 0.0004261111426547001
20 0.0004261111426547001
21 0.0004261111426547001
22 0.0004261111426547001
23 0.0004261111426547001
24 0.0004261111426547001
25 0.0004261111426547001
26 0.0004261111426547001
27 0.0004261111426547001
28 0.0004261111426547001
29 0.0004261111426547001
30 0.0004261111426547001
31 0.0004261111426547001
32 0.0004261111426547001
33 0.0004261111426547001
34 0.0004261111426547001
35 0.0004261111426547001
36 0.0004261111426547001
37 0.0004261111426547001
38 0.0004261111426547001
39 0.0004261111426547001
40 0.0004261111426547001
41 0.0004261111426547001
42 0.0004261111426547001
43 0.0004261111426547001
44 0.0004261111426547001
45 0.0004261111426547001
46 0.0004261111426547001
47 0.0004261111426547001
48 0.0004261111426547001
49 0.0004261111426547001
