0 0.00043890226425351454
1 0.00043890226425351454
2 0.00043890226425351454
3 0.00043890226425351454
4 0.00043890226425351454
5 0.00043890226425351454
6 0.00043890226425351454
7 0.00043890226425351454
8 0.00043890226425351454
9 0.00043890226425351454
10 0.00043890226425351454
11 0.00043890226425351454
12 0.00043890226425351454
13 0.00043890226425351454
14 0.00043890226425351454
15 0.00043890226425351454
16 0.00043890226425351454
17 0.00043890226425351454
18 0.00043890226425351454
19 0.00043890226425351454
20 0.00043890226425351454
21 0.00043890226425351454
22 0.00043890226425351454
23 0.00043890226425351454
24 0.00043890226425351454
25 0.00043890226425351454
26 0.00043890226425351454
27 0.00043890226425351454
28 0.00043890226425351454
29 0.00043890226425351454
30 0.00043890226425351454
31 0.00043890226425351454
32 0.00043890226425351454
33 0.00043890226425351454
34 0.00043890226425351454
35 0.00043890226425351454
36 0.00043890226425351454
37 0.00043890226425351454
38 0.00043890226425351454
39 0.00043890226425351454
40 0.00043890226425351454
41 0.00043890226425351454
42 0.00043890226425351454
43 0.00043890226425351454
44 0.00043890226425351454
45 0.00043890226425351454
46 0.00043890226425351454
47 0.00043890226425351454
48 0.00043890226425351454
49 0.00043890226425351454
