0 0.0037311210660127764
1 0.0037311210660127764
2 0.0037311210660127764
3 0.0037311210660127764
4 0.0037311210660127764
5 0.0037311210660127764
6 0.0037311210660127764
7 0.0037311210660127764
8 0.0037311210660127764
9 0.0037311210660127764
10 0.0037311210660127764
11 0.0037311210660127764
12 0.0037311210660127764
13 0.0037311210660127764
14 0.0037311210660127764
15 0.0037311210660127764
16 0.0037311210660127764
17 0.0037311210660127764
18 0.0037311210660127764
19 0.0037311210660127764
20 0.0037311210660127764
21 0.0037311210660127764
22 0.0037311210660127764
23 0.0037311210660127764
24 0.0037311210660127764
25 0.0037311210660127764
26 0.0037311210660127764
27 0.0037311210660127764
28 0.0037311210660127764
29 0.0037311210660127764
30 0.0037311210660127764
31 0.0037311210660127764
32 0.0037311210660127764
33 0.0037311210660127764
34 0.0037311210660127764
35 0.0037311210660127764
36 0.0037311210660127764
37 0.0037311210660127764
38 0.0037311210660127764
39 0.0037311210660127764
40 0.0037311210660127764
41 0.0037311210660127764
42 0.0037311210660127764
43 0.0037311210660127764
44 0.0037311210660127764
45 0.0037311210660127764
46 0.0037311210660127764
47 0.0037311210660127764
48 0.0037311210660127764
49 0.0037311210660127764
