0 0.0003534226664224149
1 0.00035358482447930985
2 0.00035358482447930985
3 0.00035358482447930985
4 0.00035358482447930985
5 0.00035358482447930985
6 0.00035358482447930985
7 0.00035358482447930985
8 0.00035358482447930985
9 0.00035358482447930985
10 0.00035358482447930985
11 0.00035358482447930985
12 0.00035358482447930985
13 0.00035358482447930985
14 0.00035358482447930985
15 0.00035358482447930985
16 0.00035358482447930985
17 0.00035358482447930985
18 0.00035358482447930985
19 0.00035358482447930985
20 0.00035358482447930985
21 0.00035358482447930985
22 0.00035358482447930985
23 0.00035358482447930985
24 0.00035358482447930985
25 0.00035358482447930985
26 0.00035358482447930985
27 0.00035358482447930985
28 0.00035358482447930985
29 0.00035358482447930985
30 0.00035358482447930985
31 0.00035358482447930985
32 0.00035358482447930985
33 0.00035358482447930985
34 0.00035358482447930985
35 0.00035358482447930985
36 0.00035358482447930985
37 0.00035358482447930985
38 0.00035358482447930985
39 0.00035358482447930985
40 0.00035358482447930985
41 0.00035358482447930985
42 0.00035358482447930985
43 0.00035358482447930985
44 0.00035358482447930985
45 0.00035358482447930985
46 0.00035358482447930985
47 0.00035358482447930985
48 0.00035358482447930985
49 0.00035358482447930985
