0 0.013551362015683252
1 0.013552801797942
2 0.013552801797942
3 0.013552801797942
4 0.013552801797942
5 0.013552801797942
6 0.013552801797942
7 0.013552801797942
8 0.013552801797942
9 0.013552801797942
10 0.013552801797942
11 0.013552801797942
12 0.013552801797942
13 0.013552801797942
14 0.013552801797942
15 0.013552801797942
16 0.013552801797942
17 0.013552801797942
18 0.013552801797942
19 0.013552801797942
20 0.013552801797942
21 0.013552801797942
22 0.013552801797942
23 0.013552801797942
24 0.013552801797942
25 0.013552801797942
26 0.013552801797942
27 0.013552801797942
28 0.013552801797942
29 0.013552801797942
30 0.013552801797942
31 0.013552801797942
32 0.013552801797942
33 0.013552801797942
34 0.013552801797942
35 0.013552801797942
36 0.013552801797942
37 0.013552801797942
38 0.013552801797942
39 0.013552801797942
40 0.013552801797942
41 0.013552801797942
42 0.013552801797942
43 0.013552801797942
44 0.013552801797942
45 0.013552801797942
46 0.013552801797942
47 0.013552801797942
48 0.013552801797942
49 0.013552801797942
