0 0.00017257026503936384
1 0.00017257026503936384
2 0.00017257026503936384
3 0.00017257026503936384
4 0.00017257026503936384
5 0.00017257026503936384
6 0.00017257026503936384
7 0.00017257026503936384
8 0.00017257026503936384
9 0.00017257026503936384
10 0.00017257026503936384
11 0.00017257026503936384
12 0.00017257026503936384
13 0.00017257026503936384
14 0.00017257026503936384
15 0.00017257026503936384
16 0.00017257026503936384
17 0.00017257026503936384
18 0.00017257026503936384
19 0.00017257026503936384
20 0.00017257026503936384
21 0.00017257026503936384
22 0.00017257026503936384
23 0.00017257026503936384
24 0.00017257026503936384
25 0.00017257026503936384
26 0.00017257026503936384
27 0.00017257026503936384
28 0.00017257026503936384
29 0.00017257026503936384
30 0.00017257026503936384
31 0.00017257026503936384
32 0.00017257026503936384
33 0.00017257026503936384
34 0.00017257026503936384
35 0.00017257026503936384
36 0.00017257026503936384
37 0.00017257026503936384
38 0.00017257026503936384
39 0.00017257026503936384
40 0.00017257026503936384
41 0.00017257026503936384
42 0.00017257026503936384
43 0.00017257026503936384
44 0.00017257026503936384
45 0.00017257026503936384
46 0.00017257026503936384
47 0.00017257026503936384
48 0.00017257026503936384
49 0.00017257026503936384
