0 0.0004914345192725439
1 0.0004920382140927493
2 0.0004945620599451097
3 0.0004952896328955771
4 0.0004952896328955771
5 0.0004952896328955771
6 0.0004952896328955771
7 0.0004952896328955771
8 0.0004952896328955771
9 0.0004952896328955771
10 0.0004952896328955771
11 0.0004952896328955771
12 0.0004952896328955771
13 0.0004952896328955771
14 0.0004952896328955771
15 0.0004952896328955771
16 0.0004952896328955771
17 0.0004952896328955771
18 0.0004952896328955771
19 0.0004952896328955771
20 0.0004952896328955771
21 0.0004952896328955771
22 0.0004952896328955771
23 0.0004952896328955771
24 0.0004952896328955771
25 0.0004952896328955771
26 0.0004952896328955771
27 0.0004952896328955771
28 0.0004952896328955771
29 0.0004952896328955771
30 0.0004952896328955771
31 0.0004952896328955771
32 0.0004952896328955771
33 0.0004952896328955771
34 0.0004952896328955771
35 0.0004952896328955771
36 0.0004952896328955771
37 0.0004952896328955771
38 0.0004952896328955771
39 0.0004952896328955771
40 0.0004952896328955771
41 0.0004952896328955771
42 0.0004952896328955771
43 0.0004952896328955771
44 0.0004952896328955771
45 0.0004952896328955771
46 0.0004952896328955771
47 0.0004952896328955771
48 0.0004952896328955771
49 0.0004952896328955771
