0 1.288269864877329e-05
1 1.288269864877329e-05
2 1.288269864877329e-05
3 1.288269864877329e-05
4 1.288269864877329e-05
5 1.288269864877329e-05
6 1.288269864877329e-05
7 1.288269864877329e-05
8 1.288269864877329e-05
9 1.288269864877329e-05
10 1.288269864877329e-05
11 1.288269864877329e-05
12 1.288269864877329e-05
13 1.288269864877329e-05
14 1.288269864877329e-05
15 1.288269864877329e-05
16 1.288269864877329e-05
17 1.288269864877329e-05
18 1.288269864877329e-05
19 1.288269864877329e-05
20 1.288269864877329e-05
21 1.288269864877329e-05
22 1.288269864877329e-05
23 1.288269864877329e-05
24 1.288269864877329e-05
25 1.288269864877329e-05
26 1.288269864877329e-05
27 1.288269864877329e-05
28 1.288269864877329e-05
29 1.288269864877329e-05
30 1.288269864877329e-05
31 1.288269864877329e-05
32 1.288269864877329e-05
33 1.288269864877329e-05
34 1.288269864877329e-05
35 1.288269864877329e-05
36 1.288269864877329e-05
37 1.288269864877329e-05
38 1.288269864877329e-05
39 1.288269864877329e-05
40 1.288269864877329e-05
41 1.288269864877329e-05
42 1.288269864877329e-05
43 1.288269864877329e-05
44 1.288269864877329e-05
45 1.288269864877329e-05
46 1.288269864877329e-05
47 1.288269864877329e-05
48 1.288269864877329e-05
49 1.288269864877329e-05
