0 0.0025695852803439725
1 0.0025695852803439725
2 0.0025695852803439725
3 0.0025695852803439725
4 0.0025695852803439725
5 0.0025695852803439725
6 0.0025695852803439725
7 0.0025695852803439725
8 0.0025695852803439725
9 0.0025695852803439725
10 0.0025695852803439725
11 0.0025695852803439725
12 0.0025695852803439725
13 0.0025695852803439725
14 0.0025695852803439725
15 0.0025695852803439725
16 0.0025695852803439725
17 0.0025695852803439725
18 0.0025695852803439725
19 0.0025695852803439725
20 0.0025695852803439725
21 0.0025695852803439725
22 0.0025695852803439725
23 0.0025695852803439725
24 0.0025695852803439725
25 0.0025695852803439725
26 0.0025695852803439725
27 0.0025695852803439725
28 0.0025695852803439725
29 0.0025695852803439725
30 0.0025695852803439725
31 0.0025695852803439725
32 0.0025695852803439725
33 0.0025695852803439725
34 0.0025695852803439725
35 0.0025695852803439725
36 0.0025695852803439725
37 0.0025695852803439725
38 0.0025695852803439725
39 0.0025695852803439725
40 0.0025695852803439725
41 0.0025695852803439725
42 0.0025695852803439725
43 0.0025695852803439725
44 0.0025695852803439725
45 0.0025695852803439725
46 0.0025695852803439725
47 0.0025695852803439725
48 0.0025695852803439725
49 0.0025695852803439725
