0 0.00010366677708981537
1 0.00010376810679130033
2 0.00010387279296420829
3 0.00010384209451885445
4 0.00010381283265159538
5 0.00010375856318532314
6 0.0001037335297089775
7 0.00010368760597998158
8 0.00010375526263035384
9 0.000103831826186325
10 0.00010380204617270716
11 0.00010377752376360152
12 0.00010414577914709302
13 0.00010417007608943785
14 0.00010417007608943785
15 0.00010417007608943785
16 0.00010417007608943785
17 0.00010417007608943785
18 0.00010417007608943785
19 0.00010417007608943785
20 0.00010417007608943785
21 0.00010417007608943785
22 0.00010417007608943785
23 0.00010417007608943785
24 0.00010417007608943785
25 0.00010417007608943785
26 0.00010417007608943785
27 0.00010417007608943785
28 0.00010417007608943785
29 0.00010417007608943785
30 0.00010417007608943785
31 0.00010417007608943785
32 0.00010417007608943785
33 0.00010417007608943785
34 0.00010417007608943785
35 0.00010417007608943785
36 0.00010417007608943785
37 0.00010417007608943785
38 0.00010417007608943785
39 0.00010417007608943785
40 0.00010417007608943785
41 0.00010417007608943785
42 0.00010417007608943785
43 0.00010417007608943785
44 0.00010417007608943785
45 0.00010417007608943785
46 0.00010417007608943785
47 0.00010417007608943785
48 0.00010417007608943785
49 0.00010417007608943785
