0 5.519023487773488e-06
1 5.5198893005257415e-06
2 5.5198893005257415e-06
3 5.5198893005257415e-06
4 5.5198893005257415e-06
5 5.5198893005257415e-06
6 5.5198893005257415e-06
7 5.5198893005257415e-06
8 5.5198893005257415e-06
9 5.5198893005257415e-06
10 5.5198893005257415e-06
11 5.5198893005257415e-06
12 5.5198893005257415e-06
13 5.5198893005257415e-06
14 5.5198893005257415e-06
15 5.5198893005257415e-06
16 5.5198893005257415e-06
17 5.5198893005257415e-06
18 5.5198893005257415e-06
19 5.5198893005257415e-06
20 5.5198893005257415e-06
21 5.5198893005257415e-06
22 5.5198893005257415e-06
23 5.5198893005257415e-06
24 5.5198893005257415e-06
25 5.5198893005257415e-06
26 5.5198893005257415e-06
27 5.5198893005257415e-06
28 5.5198893005257415e-06
29 5.5198893005257415e-06
30 5.5198893005257415e-06
31 5.5198893005257415e-06
32 5.5198893005257415e-06
33 5.5198893005257415e-06
34 5.5198893005257415e-06
35 5.5198893005257415e-06
36 5.5198893005257415e-06
37 5.5198893005257415e-06
38 5.5198893005257415e-06
39 5.5198893005257415e-06
40 5.5198893005257415e-06
41 5.5198893005257415e-06
42 5.5198893005257415e-06
43 5.5198893005257415e-06
44 5.5198893005257415e-06
45 5.5198893005257415e-06
46 5.5198893005257415e-06
47 5.5198893005257415e-06
48 5.5198893005257415e-06
49 5.5198893005257415e-06
