0 0.017540659652700085
1 0.017540659652700085
2 0.017540659652700085
3 0.017540659652700085
4 0.017540659652700085
5 0.017540659652700085
6 0.017540659652700085
7 0.017540659652700085
8 0.017540659652700085
9 0.017540659652700085
10 0.017540659652700085
11 0.017540659652700085
12 0.017540659652700085
13 0.017540659652700085
14 0.017540659652700085
15 0.017540659652700085
16 0.017540659652700085
17 0.017540659652700085
18 0.017540659652700085
19 0.017540659652700085
20 0.017540659652700085
21 0.017540659652700085
22 0.017540659652700085
23 0.017540659652700085
24 0.017540659652700085
25 0.017540659652700085
26 0.017540659652700085
27 0.017540659652700085
28 0.017540659652700085
29 0.017540659652700085
30 0.017540659652700085
31 0.017540659652700085
32 0.017540659652700085
33 0.017540659652700085
34 0.017540659652700085
35 0.017540659652700085
36 0.017540659652700085
37 0.017540659652700085
38 0.017540659652700085
39 0.017540659652700085
40 0.017540659652700085
41 0.017540659652700085
42 0.017540659652700085
43 0.017540659652700085
44 0.017540659652700085
45 0.017540659652700085
46 0.017540659652700085
47 0.017540659652700085
48 0.017540659652700085
49 0.017540659652700085
