0 0.0002555144372285461
1 0.0002555144372285461
2 0.0002555144372285461
3 0.0002555144372285461
4 0.0002555144372285461
5 0.0002555144372285461
6 0.0002555144372285461
7 0.0002555144372285461
8 0.0002555144372285461
9 0.0002555144372285461
10 0.0002555144372285461
11 0.0002555144372285461
12 0.0002555144372285461
13 0.0002555144372285461
14 0.0002555144372285461
15 0.0002555144372285461
16 0.0002555144372285461
17 0.0002555144372285461
18 0.0002555144372285461
19 0.0002555144372285461
20 0.0002555144372285461
21 0.0002555144372285461
22 0.0002555144372285461
23 0.0002555144372285461
24 0.0002555144372285461
25 0.0002555144372285461
26 0.0002555144372285461
27 0.0002555144372285461
28 0.0002555144372285461
29 0.0002555144372285461
30 0.0002555144372285461
31 0.0002555144372285461
32 0.0002555144372285461
33 0.0002555144372285461
34 0.0002555144372285461
35 0.0002555144372285461
36 0.0002555144372285461
37 0.0002555144372285461
38 0.0002555144372285461
39 0.0002555144372285461
40 0.0002555144372285461
41 0.0002555144372285461
42 0.0002555144372285461
43 0.0002555144372285461
44 0.0002555144372285461
45 0.0002555144372285461
46 0.0002555144372285461
47 0.0002555144372285461
48 0.0002555144372285461
49 0.0002555144372285461
