0 0.0009234541762414989
1 0.0009235724520449358
2 0.0009236979143137498
3 0.0009238306030383126
4 0.0009238306030383126
5 0.0009238306030383126
6 0.0009238306030383126
7 0.0009238306030383126
8 0.0009238306030383126
9 0.0009238306030383126
10 0.0009238306030383126
11 0.0009238306030383126
12 0.0009238306030383126
13 0.0009238306030383126
14 0.0009238306030383126
15 0.0009238306030383126
16 0.0009238306030383126
17 0.0009238306030383126
18 0.0009238306030383126
19 0.0009238306030383126
20 0.0009238306030383126
21 0.0009238306030383126
22 0.0009238306030383126
23 0.0009238306030383126
24 0.0009238306030383126
25 0.0009238306030383126
26 0.0009238306030383126
27 0.0009238306030383126
28 0.0009238306030383126
29 0.0009238306030383126
30 0.0009238306030383126
31 0.0009238306030383126
32 0.0009238306030383126
33 0.0009238306030383126
34 0.0009238306030383126
35 0.0009238306030383126
36 0.0009238306030383126
37 0.0009238306030383126
38 0.0009238306030383126
39 0.0009238306030383126
40 0.0009238306030383126
41 0.0009238306030383126
42 0.0009238306030383126
43 0.0009238306030383126
44 0.0009238306030383126
45 0.0009238306030383126
46 0.0009238306030383126
47 0.0009238306030383126
48 0.0009238306030383126
49 0.0009238306030383126
