0 0.0007126618326479298
1 0.0007126618326479298
2 0.0007126618326479298
3 0.0007126618326479298
4 0.0007126618326479298
5 0.0007126618326479298
6 0.0007126618326479298
7 0.0007126618326479298
8 0.0007126618326479298
9 0.0007126618326479298
10 0.0007126618326479298
11 0.0007126618326479298
12 0.0007126618326479298
13 0.0007126618326479298
14 0.0007126618326479298
15 0.0007126618326479298
16 0.0007126618326479298
17 0.0007126618326479298
18 0.0007126618326479298
19 0.0007126618326479298
20 0.0007126618326479298
21 0.0007126618326479298
22 0.0007126618326479298
23 0.0007126618326479298
24 0.0007126618326479298
25 0.0007126618326479298
26 0.0007126618326479298
27 0.0007126618326479298
28 0.0007126618326479298
29 0.0007126618326479298
30 0.0007126618326479298
31 0.0007126618326479298
32 0.0007126618326479298
33 0.0007126618326479298
34 0.0007126618326479298
35 0.0007126618326479298
36 0.0007126618326479298
37 0.0007126618326479298
38 0.0007126618326479298
39 0.0007126618326479298
40 0.0007126618326479298
41 0.0007126618326479298
42 0.0007126618326479298
43 0.0007126618326479298
44 0.0007126618326479298
45 0.0007126618326479298
46 0.0007126618326479298
47 0.0007126618326479298
48 0.0007126618326479298
49 0.0007126618326479298
