0 0.0018141538673833192
1 0.0018124343011469593
2 0.001810762288948631
3 0.001809137597850256
4 0.0018094773509763867
5 0.001809877206613851
6 0.001809877206613851
7 0.001809877206613851
8 0.001809877206613851
9 0.001809877206613851
10 0.001809877206613851
11 0.001809877206613851
12 0.001809877206613851
13 0.001809877206613851
14 0.001809877206613851
15 0.001809877206613851
16 0.001809877206613851
17 0.001809877206613851
18 0.001809877206613851
19 0.001809877206613851
20 0.001809877206613851
21 0.001809877206613851
22 0.001809877206613851
23 0.001809877206613851
24 0.001809877206613851
25 0.001809877206613851
26 0.001809877206613851
27 0.001809877206613851
28 0.001809877206613851
29 0.001809877206613851
30 0.001809877206613851
31 0.001809877206613851
32 0.001809877206613851
33 0.001809877206613851
34 0.001809877206613851
35 0.001809877206613851
36 0.001809877206613851
37 0.001809877206613851
38 0.001809877206613851
39 0.001809877206613851
40 0.001809877206613851
41 0.001809877206613851
42 0.001809877206613851
43 0.001809877206613851
44 0.001809877206613851
45 0.001809877206613851
46 0.001809877206613851
47 0.001809877206613851
48 0.001809877206613851
49 0.001809877206613851
