0 5.2145254315628706e-05
1 5.215133292600572e-05
2 5.215133292600572e-05
3 5.215133292600572e-05
4 5.215133292600572e-05
5 5.215133292600572e-05
6 5.215133292600572e-05
7 5.215133292600572e-05
8 5.215133292600572e-05
9 5.215133292600572e-05
10 5.215133292600572e-05
11 5.215133292600572e-05
12 5.215133292600572e-05
13 5.215133292600572e-05
14 5.215133292600572e-05
15 5.215133292600572e-05
16 5.215133292600572e-05
17 5.215133292600572e-05
18 5.215133292600572e-05
19 5.215133292600572e-05
20 5.215133292600572e-05
21 5.215133292600572e-05
22 5.215133292600572e-05
23 5.215133292600572e-05
24 5.215133292600572e-05
25 5.215133292600572e-05
26 5.215133292600572e-05
27 5.215133292600572e-05
28 5.215133292600572e-05
29 5.215133292600572e-05
30 5.215133292600572e-05
31 5.215133292600572e-05
32 5.215133292600572e-05
33 5.215133292600572e-05
34 5.215133292600572e-05
35 5.215133292600572e-05
36 5.215133292600572e-05
37 5.215133292600572e-05
38 5.215133292600572e-05
39 5.215133292600572e-05
40 5.215133292600572e-05
41 5.215133292600572e-05
42 5.215133292600572e-05
43 5.215133292600572e-05
44 5.215133292600572e-05
45 5.215133292600572e-05
46 5.215133292600572e-05
47 5.215133292600572e-05
48 5.215133292600572e-05
49 5.215133292600572e-05
