0 3.827740215405414e-05
1 3.827740215405414e-05
2 3.827740215405414e-05
3 3.827740215405414e-05
4 3.827740215405414e-05
5 3.827740215405414e-05
6 3.827740215405414e-05
7 3.827740215405414e-05
8 3.827740215405414e-05
9 3.827740215405414e-05
10 3.827740215405414e-05
11 3.827740215405414e-05
12 3.827740215405414e-05
13 3.827740215405414e-05
14 3.827740215405414e-05
15 3.827740215405414e-05
16 3.827740215405414e-05
17 3.827740215405414e-05
18 3.827740215405414e-05
19 3.827740215405414e-05
20 3.827740215405414e-05
21 3.827740215405414e-05
22 3.827740215405414e-05
23 3.827740215405414e-05
24 3.827740215405414e-05
25 3.827740215405414e-05
26 3.827740215405414e-05
27 3.827740215405414e-05
28 3.827740215405414e-05
29 3.827740215405414e-05
30 3.827740215405414e-05
31 3.827740215405414e-05
32 3.827740215405414e-05
33 3.827740215405414e-05
34 3.827740215405414e-05
35 3.827740215405414e-05
36 3.827740215405414e-05
37 3.827740215405414e-05
38 3.827740215405414e-05
39 3.827740215405414e-05
40 3.827740215405414e-05
41 3.827740215405414e-05
42 3.827740215405414e-05
43 3.827740215405414e-05
44 3.827740215405414e-05
45 3.827740215405414e-05
46 3.827740215405414e-05
47 3.827740215405414e-05
48 3.827740215405414e-05
49 3.827740215405414e-05
