0 2.4269671255277793e-05
1 2.4274731410017863e-05
2 2.4274731410017863e-05
3 2.4274731410017863e-05
4 2.4274731410017863e-05
5 2.4274731410017863e-05
6 2.4274731410017863e-05
7 2.4274731410017863e-05
8 2.4274731410017863e-05
9 2.4274731410017863e-05
10 2.4274731410017863e-05
11 2.4274731410017863e-05
12 2.4274731410017863e-05
13 2.4274731410017863e-05
14 2.4274731410017863e-05
15 2.4274731410017863e-05
16 2.4274731410017863e-05
17 2.4274731410017863e-05
18 2.4274731410017863e-05
19 2.4274731410017863e-05
20 2.4274731410017863e-05
21 2.4274731410017863e-05
22 2.4274731410017863e-05
23 2.4274731410017863e-05
24 2.4274731410017863e-05
25 2.4274731410017863e-05
26 2.4274731410017863e-05
27 2.4274731410017863e-05
28 2.4274731410017863e-05
29 2.4274731410017863e-05
30 2.4274731410017863e-05
31 2.4274731410017863e-05
32 2.4274731410017863e-05
33 2.4274731410017863e-05
34 2.4274731410017863e-05
35 2.4274731410017863e-05
36 2.4274731410017863e-05
37 2.4274731410017863e-05
38 2.4274731410017863e-05
39 2.4274731410017863e-05
40 2.4274731410017863e-05
41 2.4274731410017863e-05
42 2.4274731410017863e-05
43 2.4274731410017863e-05
44 2.4274731410017863e-05
45 2.4274731410017863e-05
46 2.4274731410017863e-05
47 2.4274731410017863e-05
48 2.4274731410017863e-05
49 2.4274731410017863e-05
