0 0.000184421678523517
1 0.00018466608700981016
2 0.00018466608700981016
3 0.00018466608700981016
4 0.00018466608700981016
5 0.00018466608700981016
6 0.00018466608700981016
7 0.00018466608700981016
8 0.00018466608700981016
9 0.00018466608700981016
10 0.00018466608700981016
11 0.00018466608700981016
12 0.00018466608700981016
13 0.00018466608700981016
14 0.00018466608700981016
15 0.00018466608700981016
16 0.00018466608700981016
17 0.00018466608700981016
18 0.00018466608700981016
19 0.00018466608700981016
20 0.00018466608700981016
21 0.00018466608700981016
22 0.00018466608700981016
23 0.00018466608700981016
24 0.00018466608700981016
25 0.00018466608700981016
26 0.00018466608700981016
27 0.00018466608700981016
28 0.00018466608700981016
29 0.00018466608700981016
30 0.00018466608700981016
31 0.00018466608700981016
32 0.00018466608700981016
33 0.00018466608700981016
34 0.00018466608700981016
35 0.00018466608700981016
36 0.00018466608700981016
37 0.00018466608700981016
38 0.00018466608700981016
39 0.00018466608700981016
40 0.00018466608700981016
41 0.00018466608700981016
42 0.00018466608700981016
43 0.00018466608700981016
44 0.00018466608700981016
45 0.00018466608700981016
46 0.00018466608700981016
47 0.00018466608700981016
48 0.00018466608700981016
49 0.00018466608700981016
