0 0.0027721950763365854
1 0.0027721950763365854
2 0.0027721950763365854
3 0.0027721950763365854
4 0.0027721950763365854
5 0.0027721950763365854
6 0.0027721950763365854
7 0.0027721950763365854
8 0.0027721950763365854
9 0.0027721950763365854
10 0.0027721950763365854
11 0.0027721950763365854
12 0.0027721950763365854
13 0.0027721950763365854
14 0.0027721950763365854
15 0.0027721950763365854
16 0.0027721950763365854
17 0.0027721950763365854
18 0.0027721950763365854
19 0.0027721950763365854
20 0.0027721950763365854
21 0.0027721950763365854
22 0.0027721950763365854
23 0.0027721950763365854
24 0.0027721950763365854
25 0.0027721950763365854
26 0.0027721950763365854
27 0.0027721950763365854
28 0.0027721950763365854
29 0.0027721950763365854
30 0.0027721950763365854
31 0.0027721950763365854
32 0.0027721950763365854
33 0.0027721950763365854
34 0.0027721950763365854
35 0.0027721950763365854
36 0.0027721950763365854
37 0.0027721950763365854
38 0.0027721950763365854
39 0.0027721950763365854
40 0.0027721950763365854
41 0.0027721950763365854
42 0.0027721950763365854
43 0.0027721950763365854
44 0.0027721950763365854
45 0.0027721950763365854
46 0.0027721950763365854
47 0.0027721950763365854
48 0.0027721950763365854
49 0.0027721950763365854
