0 0.0007888466029219724
1 0.0007888466029219724
2 0.0007888466029219724
3 0.0007888466029219724
4 0.0007888466029219724
5 0.0007888466029219724
6 0.0007888466029219724
7 0.0007888466029219724
8 0.0007888466029219724
9 0.0007888466029219724
10 0.0007888466029219724
11 0.0007888466029219724
12 0.0007888466029219724
13 0.0007888466029219724
14 0.0007888466029219724
15 0.0007888466029219724
16 0.0007888466029219724
17 0.0007888466029219724
18 0.0007888466029219724
19 0.0007888466029219724
20 0.0007888466029219724
21 0.0007888466029219724
22 0.0007888466029219724
23 0.0007888466029219724
24 0.0007888466029219724
25 0.0007888466029219724
26 0.0007888466029219724
27 0.0007888466029219724
28 0.0007888466029219724
29 0.0007888466029219724
30 0.0007888466029219724
31 0.0007888466029219724
32 0.0007888466029219724
33 0.0007888466029219724
34 0.0007888466029219724
35 0.0007888466029219724
36 0.0007888466029219724
37 0.0007888466029219724
38 0.0007888466029219724
39 0.0007888466029219724
40 0.0007888466029219724
41 0.0007888466029219724
42 0.0007888466029219724
43 0.0007888466029219724
44 0.0007888466029219724
45 0.0007888466029219724
46 0.0007888466029219724
47 0.0007888466029219724
48 0.0007888466029219724
49 0.0007888466029219724
