0 0.00024900640179920965
1 0.00024900640179920965
2 0.00024900640179920965
3 0.00024900640179920965
4 0.00024900640179920965
5 0.00024900640179920965
6 0.00024900640179920965
7 0.00024900640179920965
8 0.00024900640179920965
9 0.00024900640179920965
10 0.00024900640179920965
11 0.00024900640179920965
12 0.00024900640179920965
13 0.00024900640179920965
14 0.00024900640179920965
15 0.00024900640179920965
16 0.00024900640179920965
17 0.00024900640179920965
18 0.00024900640179920965
19 0.00024900640179920965
20 0.00024900640179920965
21 0.00024900640179920965
22 0.00024900640179920965
23 0.00024900640179920965
24 0.00024900640179920965
25 0.00024900640179920965
26 0.00024900640179920965
27 0.00024900640179920965
28 0.00024900640179920965
29 0.00024900640179920965
30 0.00024900640179920965
31 0.00024900640179920965
32 0.00024900640179920965
33 0.00024900640179920965
34 0.00024900640179920965
35 0.00024900640179920965
36 0.00024900640179920965
37 0.00024900640179920965
38 0.00024900640179920965
39 0.00024900640179920965
40 0.00024900640179920965
41 0.00024900640179920965
42 0.00024900640179920965
43 0.00024900640179920965
44 0.00024900640179920965
45 0.00024900640179920965
46 0.00024900640179920965
47 0.00024900640179920965
48 0.00024900640179920965
49 0.00024900640179920965
