0 8.832329817131332e-05
1 8.839326848257605e-05
2 8.839326848257605e-05
3 8.839326848257605e-05
4 8.839326848257605e-05
5 8.839326848257605e-05
6 8.839326848257605e-05
7 8.839326848257605e-05
8 8.839326848257605e-05
9 8.839326848257605e-05
10 8.839326848257605e-05
11 8.839326848257605e-05
12 8.839326848257605e-05
13 8.839326848257605e-05
14 8.839326848257605e-05
15 8.839326848257605e-05
16 8.839326848257605e-05
17 8.839326848257605e-05
18 8.839326848257605e-05
19 8.839326848257605e-05
20 8.839326848257605e-05
21 8.839326848257605e-05
22 8.839326848257605e-05
23 8.839326848257605e-05
24 8.839326848257605e-05
25 8.839326848257605e-05
26 8.839326848257605e-05
27 8.839326848257605e-05
28 8.839326848257605e-05
29 8.839326848257605e-05
30 8.839326848257605e-05
31 8.839326848257605e-05
32 8.839326848257605e-05
33 8.839326848257605e-05
34 8.839326848257605e-05
35 8.839326848257605e-05
36 8.839326848257605e-05
37 8.839326848257605e-05
38 8.839326848257605e-05
39 8.839326848257605e-05
40 8.839326848257605e-05
41 8.839326848257605e-05
42 8.839326848257605e-05
43 8.839326848257605e-05
44 8.839326848257605e-05
45 8.839326848257605e-05
46 8.839326848257605e-05
47 8.839326848257605e-05
48 8.839326848257605e-05
49 8.839326848257605e-05
