0 0.0007046942100481446
1 0.0007045710561350755
2 0.0007045710561350755
3 0.0007045710561350755
4 0.0007045710561350755
5 0.0007045710561350755
6 0.0007045710561350755
7 0.0007045710561350755
8 0.0007045710561350755
9 0.0007045710561350755
10 0.0007045710561350755
11 0.0007045710561350755
12 0.0007045710561350755
13 0.0007045710561350755
14 0.0007045710561350755
15 0.0007045710561350755
16 0.0007045710561350755
17 0.0007045710561350755
18 0.0007045710561350755
19 0.0007045710561350755
20 0.0007045710561350755
21 0.0007045710561350755
22 0.0007045710561350755
23 0.0007045710561350755
24 0.0007045710561350755
25 0.0007045710561350755
26 0.0007045710561350755
27 0.0007045710561350755
28 0.0007045710561350755
29 0.0007045710561350755
30 0.0007045710561350755
31 0.0007045710561350755
32 0.0007045710561350755
33 0.0007045710561350755
34 0.0007045710561350755
35 0.0007045710561350755
36 0.0007045710561350755
37 0.0007045710561350755
38 0.0007045710561350755
39 0.0007045710561350755
40 0.0007045710561350755
41 0.0007045710561350755
42 0.0007045710561350755
43 0.0007045710561350755
44 0.0007045710561350755
45 0.0007045710561350755
46 0.0007045710561350755
47 0.0007045710561350755
48 0.0007045710561350755
49 0.0007045710561350755
