0 0.008101457836676028
1 0.008101457836676028
2 0.008101457836676028
3 0.008101457836676028
4 0.008101457836676028
5 0.008101457836676028
6 0.008101457836676028
7 0.008101457836676028
8 0.008101457836676028
9 0.008101457836676028
10 0.008101457836676028
11 0.008101457836676028
12 0.008101457836676028
13 0.008101457836676028
14 0.008101457836676028
15 0.008101457836676028
16 0.008101457836676028
17 0.008101457836676028
18 0.008101457836676028
19 0.008101457836676028
20 0.008101457836676028
21 0.008101457836676028
22 0.008101457836676028
23 0.008101457836676028
24 0.008101457836676028
25 0.008101457836676028
26 0.008101457836676028
27 0.008101457836676028
28 0.008101457836676028
29 0.008101457836676028
30 0.008101457836676028
31 0.008101457836676028
32 0.008101457836676028
33 0.008101457836676028
34 0.008101457836676028
35 0.008101457836676028
36 0.008101457836676028
37 0.008101457836676028
38 0.008101457836676028
39 0.008101457836676028
40 0.008101457836676028
41 0.008101457836676028
42 0.008101457836676028
43 0.008101457836676028
44 0.008101457836676028
45 0.008101457836676028
46 0.008101457836676028
47 0.008101457836676028
48 0.008101457836676028
49 0.008101457836676028
