0 0.040933296304390056
1 0.04093893339390872
2 0.04093893339390872
3 0.04093893339390872
4 0.04093893339390872
5 0.04093893339390872
6 0.04093893339390872
7 0.04093893339390872
8 0.04093893339390872
9 0.04093893339390872
10 0.04093893339390872
11 0.04093893339390872
12 0.04093893339390872
13 0.04093893339390872
14 0.04093893339390872
15 0.04093893339390872
16 0.04093893339390872
17 0.04093893339390872
18 0.04093893339390872
19 0.04093893339390872
20 0.04093893339390872
21 0.04093893339390872
22 0.04093893339390872
23 0.04093893339390872
24 0.04093893339390872
25 0.04093893339390872
26 0.04093893339390872
27 0.04093893339390872
28 0.04093893339390872
29 0.04093893339390872
30 0.04093893339390872
31 0.04093893339390872
32 0.04093893339390872
33 0.04093893339390872
34 0.04093893339390872
35 0.04093893339390872
36 0.04093893339390872
37 0.04093893339390872
38 0.04093893339390872
39 0.04093893339390872
40 0.04093893339390872
41 0.04093893339390872
42 0.04093893339390872
43 0.04093893339390872
44 0.04093893339390872
45 0.04093893339390872
46 0.04093893339390872
47 0.04093893339390872
48 0.04093893339390872
49 0.04093893339390872
