0 7.202373313339951e-05
1 7.202373313339951e-05
2 7.202373313339951e-05
3 7.202373313339951e-05
4 7.202373313339951e-05
5 7.202373313339951e-05
6 7.202373313339951e-05
7 7.202373313339951e-05
8 7.202373313339951e-05
9 7.202373313339951e-05
10 7.202373313339951e-05
11 7.202373313339951e-05
12 7.202373313339951e-05
13 7.202373313339951e-05
14 7.202373313339951e-05
15 7.202373313339951e-05
16 7.202373313339951e-05
17 7.202373313339951e-05
18 7.202373313339951e-05
19 7.202373313339951e-05
20 7.202373313339951e-05
21 7.202373313339951e-05
22 7.202373313339951e-05
23 7.202373313339951e-05
24 7.202373313339951e-05
25 7.202373313339951e-05
26 7.202373313339951e-05
27 7.202373313339951e-05
28 7.202373313339951e-05
29 7.202373313339951e-05
30 7.202373313339951e-05
31 7.202373313339951e-05
32 7.202373313339951e-05
33 7.202373313339951e-05
34 7.202373313339951e-05
35 7.202373313339951e-05
36 7.202373313339951e-05
37 7.202373313339951e-05
38 7.202373313339951e-05
39 7.202373313339951e-05
40 7.202373313339951e-05
41 7.202373313339951e-05
42 7.202373313339951e-05
43 7.202373313339951e-05
44 7.202373313339951e-05
45 7.202373313339951e-05
46 7.202373313339951e-05
47 7.202373313339951e-05
48 7.202373313339951e-05
49 7.202373313339951e-05
